{
    "animation": [
        {
            "name": "Root",
            "time": [0.0, 0.1333, 0.6667, 0.9, 1.2333, 1.8833, 2.35, 2.9],
            "transform": [
                [1.0, 0.0, 0.0, -5e-06, 0.0, 0.0, -1.0, 0.000946, 0.0, 1.0, 0.0, 0.731592, 0.0, 0.0, 0.0, 1.0],
                [0.936402, 0.0, -0.350928, -5e-06, -0.350928, 0.0, -0.936402, 0.000946, 0.0, 1.0, 0.0, 0.747615, 0.0, 0.0, 0.0, 1.0],
                [0.936402, 0.0, -0.350928, -5e-06, -0.350928, 0.0, -0.936402, 0.000946, 0.0, 1.0, 0.0, 0.726398, 0.0, 0.0, 0.0, 1.0],
                [0.936402, 0.0, -0.350928, -5e-06, -0.350928, 0.0, -0.936402, 0.000946, 0.0, 1.0, 0.0, 0.7331, 0.0, 0.0, 0.0, 1.0],
                [0.883283, 0.0, 0.46884, -5e-06, 0.46884, 0.0, -0.883283, 0.000946, 0.0, 1.0, 0.0, 0.7331, 0.0, 0.0, 0.0, 1.0],
                [0.883283, 0.0, 0.46884, -5e-06, 0.46884, 0.0, -0.883283, 0.000946, 0.0, 1.0, 0.0, 0.73902, 0.0, 0.0, 0.0, 1.0],
                [0.883283, 0.0, 0.46884, -5e-06, 0.46884, 0.0, -0.883283, 0.000946, 0.0, 1.0, 0.0, 0.741885, 0.0, 0.0, 0.0, 1.0],
                [1.0, 0.0, 0.0, -5e-06, 0.0, 0.0, -1.0, 0.000946, 0.0, 1.0, 0.0, 0.731592, 0.0, 0.0, 0.0, 1.0]
            ]
        },
        {
            "name": "Thigh_R",
            "time": [0.0, 0.1333, 0.6667, 0.9, 1.2333, 1.8833, 2.35, 2.6333, 2.9],
            "transform": [
                [0.895532, 0.188035, 0.403317, 0.124994, 0.128067, -0.976894, 0.17109, -0.002831, 0.42617, -0.101564, -0.898924, -1.2e-05, 0.0, 0.0, 0.0, 1.0],
                [0.894464, 0.182478, 0.40821, 0.124994, 0.110003, -0.974679, 0.194666, -0.002831, 0.433397, -0.129216, -0.891892, -1.2e-05, 0.0, 0.0, 0.0, 1.0],
                [0.894682, 0.232523, 0.381414, 0.124994, 0.113264, -0.94402, 0.309827, -0.002831, 0.432105, -0.233995, -0.870937, -1.2e-05, 0.0, 0.0, 0.0, 1.0],
                [0.894632, 0.21931, 0.389276, 0.124994, 0.112214, -0.953605, 0.279356, -0.002831, 0.432482, -0.206237, -0.877739, -1.2e-05, 0.0, 0.0, 0.0, 1.0],
                [0.892434, 0.070348, 0.445659, 0.124994, 0.095073, -0.994909, -0.033334, -0.002831, 0.441047, 0.072119, -0.894582, -1.2e-05, 0.0, 0.0, 0.0, 1.0],
                [0.892139, 0.04739, 0.449268, 0.124994, 0.094467, -0.992064, -0.082942, -0.002831, 0.441773, 0.116437, -0.889539, -1.2e-05, 0.0, 0.0, 0.0, 1.0],
                [0.892078, 0.031581, 0.450777, 0.124994, 0.09414, -0.988653, -0.117037, -0.002831, 0.441967, 0.146842, -0.884931, -1.2e-05, 0.0, 0.0, 0.0, 1.0],
                [0.894533, 0.129572, 0.42781, 0.124994, 0.118606, -0.991559, 0.052317, -0.002831, 0.430979, 0.003942, -0.902354, -1.2e-05, 0.0, 0.0, 0.0, 1.0],
                [0.895532, 0.188035, 0.403317, 0.124994, 0.128067, -0.976894, 0.17109, -0.002831, 0.42617, -0.101564, -0.898924, -1.2e-05, 0.0, 0.0, 0.0, 1.0]
            ]
        },
        {
            "name": "Leg_R",
            "time": [0.0, 0.1333, 0.6667, 0.9, 1.2333, 1.8833, 2.35, 2.6333, 2.9],
            "transform": [
                [1.0, -0.0, 1e-06, 0.0, -0.0, 0.873668, 0.486524, 0.37472, -1e-06, -0.486524, 0.873667, 0.0, 0.0, 0.0, 0.0, 1.0],
                [1.0, -0.0, 1e-06, 0.0, -0.0, 0.937775, 0.347245, 0.37472, -1e-06, -0.347245, 0.937774, 0.0, 0.0, 0.0, 0.0, 1.0],
                [1.0, -0.0, 1e-06, 0.0, -0.0, 0.828693, 0.559705, 0.37472, -1e-06, -0.559706, 0.828692, 0.0, 0.0, 0.0, 0.0, 1.0],
                [1.0, -0.0, 1e-06, 0.0, -0.0, 0.862811, 0.505528, 0.37472, -1e-06, -0.505528, 0.86281, 0.0, 0.0, 0.0, 0.0, 1.0],
                [1.0, -0.0, 1e-06, 0.0, -0.0, 0.939038, 0.343816, 0.37472, -1e-06, -0.343817, 0.939037, -0.0, 0.0, 0.0, 0.0, 1.0],
                [1.0, -0.0, 1e-06, -0.0, -0.0, 0.969459, 0.245257, 0.37472, -1e-06, -0.245258, 0.969458, 0.0, 0.0, 0.0, 0.0, 1.0],
                [1.0, 0.0, 1e-06, 0.0, -0.0, 0.98429, 0.176565, 0.37472, -1e-06, -0.176566, 0.984289, 0.0, 0.0, 0.0, 0.0, 1.0],
                [1.0, -0.0, 1e-06, 0.0, -0.0, 0.923066, 0.384643, 0.37472, -1e-06, -0.384644, 0.923065, 0.0, 0.0, 0.0, 0.0, 1.0],
                [1.0, -0.0, 1e-06, 0.0, -0.0, 0.873668, 0.486524, 0.37472, -1e-06, -0.486525, 0.873667, 0.0, 0.0, 0.0, 0.0, 1.0]
            ]
        },
        {
            "name": "Knee_R",
            "time": [0.0, 0.1333, 0.6667, 0.9, 1.2333, 1.8833, 2.35, 2.6333, 2.9],
            "transform": [
                [1.0, 0.0, -0.0, 0.0, -0.0, 1e-06, -1.0, 0.385253, -0.0, 1.0, 1e-06, -0.0, 0.0, 0.0, 0.0, 1.0],
                [1.0, 0.0, -0.0, 0.0, -0.0, 1e-06, -1.0, 0.375674, -0.0, 1.0, 1e-06, -0.0, 0.0, 0.0, 0.0, 1.0],
                [1.0, 0.0, -0.0, 0.0, -0.0, 1e-06, -1.0, 0.392968, -0.0, 1.0, 1e-06, -0.0, 0.0, 0.0, 0.0, 1.0],
                [1.0, 0.0, -0.0, 0.0, -0.0, 1e-06, -1.0, 0.387218, -0.0, 1.0, 1e-06, -0.0, 0.0, 0.0, 0.0, 1.0],
                [1.0, 0.0, -0.0, 0.0, -0.0, 1e-06, -1.0, 0.375674, -0.0, 1.0, 1e-06, 0.0, 0.0, 0.0, 0.0, 1.0],
                [1.0, 0.0, -0.0, 0.0, -0.0, 1e-06, -1.0, 0.375674, -0.0, 1.0, 1e-06, -0.0, 0.0, 0.0, 0.0, 1.0],
                [1.0, 0.0, -0.0, 0.0, -0.0, 1e-06, -1.0, 0.375674, -0.0, 1.0, 1e-06, 0.0, 0.0, 0.0, 0.0, 1.0],
                [1.0, 0.0, -0.0, 0.0, -0.0, 1e-06, -1.0, 0.375674, -0.0, 1.0, 1e-06, -0.0, 0.0, 0.0, 0.0, 1.0],
                [1.0, 0.0, -0.0, 0.0, -0.0, 1e-06, -1.0, 0.385253, -0.0, 1.0, 1e-06, -0.0, 0.0, 0.0, 0.0, 1.0]
            ]
        },
        {
            "name": "Thigh_L",
            "time": [0.0, 0.1333, 0.6667, 0.9, 1.2333, 1.8833, 2.35, 2.6333, 2.9],
            "transform": [
                [0.997371, -0.044817, 0.056928, -0.125006, -0.063275, -0.921543, 0.383083, -0.002831, 0.035293, -0.385678, -0.921958, -1.2e-05, 0.0, 0.0, 0.0, 1.0],
                [0.994541, -0.0815, 0.065145, -0.125006, -0.094291, -0.969369, 0.226784, -0.002831, 0.044667, -0.231689, -0.971764, -1.2e-05, 0.0, 0.0, 0.0, 1.0],
                [0.994229, -0.075485, 0.076225, -0.125006, -0.09712, -0.935136, 0.340714, -0.002831, 0.045562, -0.34615, -0.937072, -1.2e-05, 0.0, 0.0, 0.0, 1.0],
                [0.99433, -0.077127, 0.073196, -0.125006, -0.096209, -0.945707, 0.310453, -0.002831, 0.045278, -0.315735, -0.947767, -1.2e-05, 0.0, 0.0, 0.0, 1.0],
                [0.999349, 0.035989, -0.002186, -0.125006, 0.033991, -0.920185, 0.390004, -0.002831, 0.012025, -0.389824, -0.920811, -1.2e-05, 0.0, 0.0, 0.0, 1.0],
                [0.999332, 0.036278, 0.004229, -0.125006, 0.03273, -0.940891, 0.337121, -0.002831, 0.01621, -0.336757, -0.941452, -1.2e-05, 0.0, 0.0, 0.0, 1.0],
                [0.999336, 0.035954, 0.005784, -0.125006, 0.032594, -0.95393, 0.298251, -0.002831, 0.016241, -0.297864, -0.95447, -1.2e-05, 0.0, 0.0, 0.0, 1.0],
                [0.999412, -0.011371, 0.032333, -0.125006, -0.022651, -0.927107, 0.374109, -0.002831, 0.025722, -0.374621, -0.926821, -1.2e-05, 0.0, 0.0, 0.0, 1.0],
                [0.997371, -0.044817, 0.05693, -0.125006, -0.063276, -0.921541, 0.383088, -0.002831, 0.035294, -0.385682, -0.921956, -1.2e-05, 0.0, 0.0, 0.0, 1.0]
            ]
        },
        {
            "name": "Leg_L",
            "time": [0.0, 0.1333, 0.6667, 0.9, 1.2333, 1.8833, 2.35, 2.6333, 2.9],
            "transform": [
                [1.0, -0.0, 1e-06, 0.0, 0.0, 0.875743, 0.482779, 0.37472, -1e-06, -0.482779, 0.875742, -0.0, 0.0, 0.0, 0.0, 1.0],
                [1.0, -0.0, 1e-06, 0.0, 0.0, 0.935343, 0.353744, 0.37472, -1e-06, -0.353744, 0.935342, -0.0, 0.0, 0.0, 0.0, 1.0],
                [1.0, -1e-06, 1e-06, -0.0, -0.0, 0.826267, 0.563279, 0.37472, -1e-06, -0.563279, 0.826267, -0.0, 0.0, 0.0, 0.0, 1.0],
                [1.0, -0.0, 1e-06, 0.0, -0.0, 0.860384, 0.509647, 0.37472, -1e-06, -0.509647, 0.860384, 0.0, 0.0, 0.0, 0.0, 1.0],
                [1.0, -0.0, 1e-06, -0.0, 0.0, 0.94421, 0.329346, 0.37472, -1e-06, -0.329347, 0.944209, -0.0, 0.0, 0.0, 0.0, 1.0],
                [1.0, -0.0, 1e-06, 0.0, 0.0, 0.974653, 0.223725, 0.37472, -1e-06, -0.223726, 0.974652, -0.0, 0.0, 0.0, 0.0, 1.0],
                [1.0, -0.0, 1e-06, 0.0, 0.0, 0.989463, 0.144794, 0.37472, -1e-06, -0.144795, 0.989462, 0.0, 0.0, 0.0, 0.0, 1.0],
                [1.0, -0.0, 1e-06, -0.0, 0.0, 0.92718, 0.374618, 0.37472, -1e-06, -0.374619, 0.927179, -0.0, 0.0, 0.0, 0.0, 1.0],
                [1.0, -0.0, 1e-06, -0.0, 0.0, 0.875741, 0.482782, 0.37472, -1e-06, -0.482782, 0.875741, 0.0, 0.0, 0.0, 0.0, 1.0]
            ]
        },
        {
            "name": "Knee_L",
            "time": [0.0, 0.1333, 0.6667, 0.9, 1.2333, 1.8833, 2.35, 2.6333, 2.9],
            "transform": [
                [1.0, 0.0, -0.0, 0.0, -0.0, 1e-06, -1.0, 0.385684, -0.0, 1.0, 1e-06, -0.0, 0.0, 0.0, 0.0, 1.0],
                [1.0, 0.0, -0.0, 0.0, -0.0, 1e-06, -1.0, 0.376489, -0.0, 1.0, 1e-06, -0.0, 0.0, 0.0, 0.0, 1.0],
                [1.0, 0.0, -0.0, 0.0, -0.0, 1e-06, -1.0, 0.394171, 0.0, 1.0, 1e-06, -0.0, 0.0, 0.0, 0.0, 1.0],
                [1.0, 0.0, -0.0, 0.0, -0.0, 1e-06, -1.0, 0.388463, -0.0, 1.0, 1e-06, -0.0, 0.0, 0.0, 0.0, 1.0],
                [1.0, 0.0, -0.0, 0.0, -0.0, 1e-06, -1.0, 0.376489, -0.0, 1.0, 1e-06, -0.0, 0.0, 0.0, 0.0, 1.0],
                [1.0, 0.0, -0.0, 0.0, -0.0, 1e-06, -1.0, 0.376489, -0.0, 1.0, 1e-06, -0.0, 0.0, 0.0, 0.0, 1.0],
                [1.0, 0.0, -0.0, 0.0, -0.0, 1e-06, -1.0, 0.376489, -0.0, 1.0, 1e-06, -0.0, 0.0, 0.0, 0.0, 1.0],
                [1.0, 0.0, -0.0, 0.0, -0.0, 1e-06, -1.0, 0.376489, -0.0, 1.0, 1e-06, -0.0, 0.0, 0.0, 0.0, 1.0],
                [1.0, 0.0, -0.0, 0.0, -0.0, 1e-06, -1.0, 0.385684, -0.0, 1.0, 1e-06, -0.0, 0.0, 0.0, 0.0, 1.0]
            ]
        },
        {
            "name": "Torso",
            "time": [0.0, 0.6667, 0.9, 1.15, 1.8833, 2.35, 2.6333, 2.9],
            "transform": [
                [1.0, 0.0, 0.0, 0.0, 0.0, 0.997564, 0.06976, 0.05, 0.0, -0.06976, 0.997564, 0.0, 0.0, 0.0, 0.0, 1.0],
                [1.0, 0.0, -0.0, -0.0, 0.0, 0.997187, 0.074949, 0.05, 0.0, -0.074949, 0.997187, -0.0, 0.0, 0.0, 0.0, 1.0],
                [1.0, 0.0, 0.0, -0.0, -0.0, 0.997681, 0.068069, 0.05, 0.0, -0.068069, 0.997681, -0.0, 0.0, 0.0, 0.0, 1.0],
                [0.992104, -0.003856, 0.125357, 0.0, 0.0, 0.999527, 0.030747, 0.05, -0.125417, -0.030505, 0.991635, 0.0, 0.0, 0.0, 0.0, 1.0],
                [0.992104, -0.003797, 0.125359, -0.0, 0.0, 0.999542, 0.030272, 0.05, -0.125417, -0.030033, 0.99165, -0.0, 0.0, 0.0, 0.0, 1.0],
                [0.992104, -0.00182, 0.125403, -0.0, 0.0, 0.999895, 0.014514, 0.05, -0.125417, -0.014399, 0.992, -0.0, 0.0, 0.0, 0.0, 1.0],
                [1.0, 0.0, 0.0, 0.0, 0.0, 0.997564, 0.06976, 0.05, 0.0, -0.06976, 0.997564, 0.0, 0.0, 0.0, 0.0, 1.0],
                [1.0, 0.0, 0.0, 0.0, 0.0, 0.997564, 0.06976, 0.05, 0.0, -0.06976, 0.997564, 0.0, 0.0, 0.0, 0.0, 1.0]
            ]
        },
        {
            "name": "Chest",
            "time": [0.0, 0.1833, 0.3167, 0.6667, 0.9, 1.05, 1.2167, 1.6, 2.35, 2.6333, 2.9],
            "transform": [
                [1.0, 0.0, 0.0, 0.0, 0.0, 0.997795, -0.066365, 0.3, 0.0, 0.066365, 0.997796, -0.0, 0.0, 0.0, 0.0, 1.0],
                [0.96428, 0.000901, -0.264882, 0.0, -0.018478, 0.997787, -0.063873, 0.3, 0.264239, 0.066486, 0.962163, 0.0, 0.0, 0.0, 0.0, 1.0],
                [0.885226, 0.001583, -0.465158, 0.0, -0.03245, 0.997768, -0.058359, 0.3, 0.464027, 0.066755, 0.883302, 0.0, 0.0, 0.0, 0.0, 1.0],
                [0.885226, 0.013255, -0.464972, 0.0, -0.03245, 0.998918, -0.033303, 0.3, 0.464027, 0.044569, 0.884699, -0.0, 0.0, 0.0, 0.0, 1.0],
                [0.885226, 0.010225, -0.465048, 0.0, -0.03245, 0.99868, -0.039811, 0.3, 0.464027, 0.050332, 0.88439, -0.0, 0.0, 0.0, 0.0, 1.0],
                [0.998029, 0.008708, -0.062151, -0.0, -0.018364, 0.987502, -0.156531, 0.3, 0.060012, 0.157364, 0.985716, 0.0, 0.0, 0.0, 0.0, 1.0],
                [0.90331, 0.026175, 0.428189, 0.0, 0.01319, 0.99597, -0.088711, 0.3, -0.428785, 0.085781, 0.899325, -0.0, 0.0, 0.0, 0.0, 1.0],
                [0.90331, -0.008629, 0.428901, -0.0, 0.01319, 0.999884, -0.007664, 0.3, -0.428785, 0.01258, 0.903319, -0.0, 0.0, 0.0, 0.0, 1.0],
                [0.90331, 0.010743, 0.428853, -0.0, 0.01319, 0.998518, -0.052797, 0.3, -0.428785, 0.053348, 0.90183, 0.0, 0.0, 0.0, 0.0, 1.0],
                [1.0, -0.0, -0.0, -0.0, 0.0, 0.997795, -0.066365, 0.3, 0.0, 0.066365, 0.997796, -0.0, 0.0, 0.0, 0.0, 1.0],
                [1.0, 0.0, 0.0, 0.0, 0.0, 0.997795, -0.066365, 0.3, 0.0, 0.066365, 0.997796, -0.0, 0.0, 0.0, 0.0, 1.0]
            ]
        },
        {
            "name": "Head",
            "time": [0.0, 0.3167, 0.9, 1.1333, 1.2333, 1.6, 1.8833, 2.35, 2.55, 2.9],
            "transform": [
                [1.0, 0.0, 0.0, 0.0, 0.0, 1.0, 0.0, 0.4, 0.0, 0.0, 1.0, 0.0, 0.0, 0.0, 0.0, 1.0],
                [0.809575, 0.001998, -0.587013, -0.0, -0.001998, 0.999998, 0.000648, 0.4, 0.587013, 0.000648, 0.809577, 0.0, 0.0, 0.0, 0.0, 1.0],
                [0.809574, -0.00403, -0.587004, 0.0, -0.001998, 0.999951, -0.00962, 0.4, 0.587014, 0.008961, 0.809527, -0.0, 0.0, 0.0, 0.0, 1.0],
                [0.953851, -0.000677, 0.300279, -0.0, 0.000536, 0.999999, 0.000552, 0.4, -0.300279, -0.000365, 0.953851, -0.0, 0.0, 0.0, 0.0, 1.0],
                [0.98527, -0.012507, 0.170549, 0.0, 0.001726, 0.997998, 0.063214, 0.4, -0.170998, -0.061989, 0.98332, 0.0, 0.0, 0.0, 0.0, 1.0],
                [0.985274, 0.00328, 0.170953, 0.0, 0.001726, 0.999574, -0.029124, 0.4, -0.170976, 0.028991, 0.984849, -0.0, 0.0, 0.0, 0.0, 1.0],
                [0.98527, 0.001332, 0.171002, -0.0, 0.001726, 0.999841, -0.017731, 0.4, -0.170998, 0.017765, 0.985111, 0.0, 0.0, 0.0, 0.0, 1.0],
                [0.98527, -0.00749, 0.170843, 0.0, 0.001726, 0.999425, 0.033865, 0.4, -0.170998, -0.033072, 0.984716, 0.0, 0.0, 0.0, 0.0, 1.0],
                [0.96311, -0.004862, -0.269063, -0.0, 0.008945, 0.999862, 0.013951, 0.4, 0.268958, -0.015843, 0.963022, 0.0, 0.0, 0.0, 0.0, 1.0],
                [1.0, 0.0, 0.0, 0.0, 0.0, 1.0, 0.0, 0.4, 0.0, 0.0, 1.0, 0.0, 0.0, 0.0, 0.0, 1.0]
            ]
        },
        {
            "name": "Shoulder_R",
            "time": [0.0, 0.2667, 0.9833, 2.35, 2.9],
            "transform": [
                [0.058646, 0.950536, 0.305026, 0.0, 2.7e-05, -0.305553, 0.952175, 0.4, 0.998279, -0.055833, -0.017945, 0.0, 0.0, 0.0, 0.0, 1.0],
                [-0.004443, 0.9521, 0.305754, 0.0, 2.2e-05, -0.305757, 0.952109, 0.4, 0.99999, 0.004237, 0.001338, 0.0, 0.0, 0.0, 0.0, 1.0],
                [-0.004443, 0.9521, 0.305754, -0.0, 2.2e-05, -0.305757, 0.952109, 0.4, 0.99999, 0.004237, 0.001338, 0.0, 0.0, 0.0, 0.0, 1.0],
                [-0.019079, 0.952113, 0.305149, 0.0, 0.000117, -0.305202, 0.952287, 0.4, 0.999818, 0.018204, 0.005712, 0.0, 0.0, 0.0, 0.0, 1.0],
                [0.058646, 0.950536, 0.305026, 0.0, 2.7e-05, -0.305553, 0.952175, 0.4, 0.998279, -0.055833, -0.017945, 0.0, 0.0, 0.0, 0.0, 1.0]
            ]
        },
        {
            "name": "Arm_R",
            "time": [0.0, 0.1333, 0.3833, 0.9, 0.9833, 1.1167, 1.2333, 1.6, 2.35, 2.9],
            "transform": [
                [-0.004545, 0.185938, -0.982551, -0.0, 0.918916, 0.38833, 0.069237, 0.393861, 0.394428, -0.902567, -0.172627, -0.0, 0.0, 0.0, 0.0, 1.0],
                [-0.070166, 0.107898, -0.991683, 0.0, 0.791777, 0.610721, 0.010426, 0.39386, 0.606767, -0.78446, -0.128283, -0.0, 0.0, 0.0, 0.0, 1.0],
                [-0.000926, 0.194039, -0.980993, 0.0, 0.911792, 0.40301, 0.078854, 0.393861, 0.410651, -0.894389, -0.177296, -0.0, 0.0, 0.0, 0.0, 1.0],
                [-0.003268, 0.205271, -0.978699, -0.0, 0.907145, 0.412454, 0.083479, 0.393861, 0.420804, -0.88755, -0.187559, -0.0, 0.0, 0.0, 0.0, 1.0],
                [0.001389, 0.043537, -0.999051, 0.0, 0.790848, 0.611383, 0.027743, 0.393861, 0.612011, -0.790136, -0.033582, -0.0, 0.0, 0.0, 0.0, 1.0],
                [-0.286213, -0.057778, -0.956422, -0.0, 0.794799, 0.543174, -0.27066, 0.393861, 0.535142, -0.83763, -0.109542, -1e-06, 0.0, 0.0, 0.0, 1.0],
                [-0.235628, 0.041726, -0.970947, -0.0, 0.899254, 0.388228, -0.201546, 0.39386, 0.368539, -0.920618, -0.129, -0.0, 0.0, 0.0, 0.0, 1.0],
                [-0.215753, 0.106707, -0.9706, 0.0, 0.900579, 0.405904, -0.155563, 0.39386, 0.37737, -0.907665, -0.183673, -0.0, 0.0, 0.0, 0.0, 1.0],
                [-0.217757, 0.094251, -0.971441, -0.0, 0.893864, 0.418921, -0.159723, 0.39386, 0.391904, -0.903117, -0.17547, -1e-06, 0.0, 0.0, 0.0, 1.0],
                [-0.004545, 0.185938, -0.982551, -0.0, 0.918916, 0.38833, 0.069237, 0.393861, 0.394428, -0.902567, -0.172627, -0.0, 0.0, 0.0, 0.0, 1.0]
            ]
        },
        {
            "name": "Hand_R",
            "time": [0.0, 1.6, 2.35, 2.9],
            "transform": [
                [1.0, 0.0, 0.0, -0.0, -0.0, 0.996815, -0.079745, 0.3, -0.0, 0.079745, 0.996815, -0.0, 0.0, 0.0, 0.0, 1.0],
                [1.0, 0.0, 0.0, -0.0, -0.0, 0.993662, -0.112404, 0.3, -0.0, 0.112404, 0.993663, -0.0, 0.0, 0.0, 0.0, 1.0],
                [1.0, 0.0, 0.0, 0.0, -0.0, 0.988075, -0.153971, 0.3, -0.0, 0.153971, 0.988075, 0.0, 0.0, 0.0, 0.0, 1.0],
                [1.0, 0.0, 0.0, -0.0, -0.0, 0.996815, -0.079745, 0.3, -0.0, 0.079745, 0.996815, -0.0, 0.0, 0.0, 0.0, 1.0]
            ]
        },
        {
            "name": "Tool_R",
            "time": [0.0, 2.9],
            "transform": [
                [1.0, 0.0, 0.0, -0.0, 0.0, -0.999836, 0.018122, 0.272858, 0.0, -0.018122, -0.999244, 0.0, 0.0, 0.0, 0.0, 1.0],
                [1.0, 0.0, 0.0, -0.0, 0.0, -0.999836, 0.018122, 0.272858, 0.0, -0.018122, -0.999244, 0.0, 0.0, 0.0, 0.0, 1.0]
            ]
        },
        {
            "name": "Elbow_R",
            "time": [0.0, 1.6, 1.8833, 2.35, 2.9],
            "transform": [
                [-1.0, 0.0, -0.0, 0.0, 0.0, -0.0, -1.0, 0.339138, -0.0, -1.0, 0.0, -0.0, 0.0, 0.0, 0.0, 1.0],
                [-1.0, 0.0, -0.0, 0.0, 0.0, -0.0, -1.0, 0.342212, -0.0, -1.0, 0.0, -0.0, 0.0, 0.0, 0.0, 1.0],
                [-1.0, 0.0, -0.0, 0.0, 0.0, -0.0, -1.0, 0.343697, -0.0, -1.0, 0.0, -0.0, 0.0, 0.0, 0.0, 1.0],
                [-1.0, 0.0, -0.0, 0.0, 0.0, -0.0, -1.0, 0.346143, -0.0, -1.0, 0.0, 0.0, 0.0, 0.0, 0.0, 1.0],
                [-1.0, 0.0, -0.0, 0.0, 0.0, -0.0, -1.0, 0.339138, -0.0, -1.0, 0.0, -0.0, 0.0, 0.0, 0.0, 1.0]
            ]
        },
        {
            "name": "Shoulder_L",
            "time": [0.0, 0.3667, 0.9, 1.0333, 1.35, 1.8833, 2.35, 2.9],
            "transform": [
                [0.101829, -0.94531, -0.30987, 0.0, 0.000199, -0.31147, 0.950256, 0.4, -0.994802, -0.096825, -0.031528, 0.0, 0.0, 0.0, 0.0, 1.0],
                [0.131392, -0.942041, -0.308698, 0.0, 0.000187, -0.311374, 0.950287, 0.4, -0.99133, -0.124918, -0.040736, 0.0, 0.0, 0.0, 0.0, 1.0],
                [0.131392, -0.942041, -0.308698, 0.0, 0.000187, -0.311374, 0.950287, 0.4, -0.99133, -0.124918, -0.040736, -0.0, 0.0, 0.0, 0.0, 1.0],
                [-0.267278, -0.917283, -0.295218, -0.0, -0.002236, -0.305773, 0.952101, 0.4, -0.963617, 0.255136, 0.079676, 0.0, 0.0, 0.0, 0.0, 1.0],
                [-0.267278, -0.917283, -0.295218, 0.0, -0.002236, -0.305773, 0.952102, 0.4, -0.963617, 0.255136, 0.079676, 0.0, 0.0, 0.0, 0.0, 1.0],
                [-0.191576, -0.936026, -0.295218, -0.0, 0.02271, -0.304937, 0.952102, 0.4, -0.981215, 0.175696, 0.079676, 0.0, 0.0, 0.0, 0.0, 1.0],
                [-0.207301, -0.933277, -0.293292, 0.0, 0.022947, -0.304361, 0.95228, 0.4, -0.978008, 0.190678, 0.08451, 0.0, 0.0, 0.0, 0.0, 1.0],
                [0.101829, -0.94531, -0.30987, 0.0, 0.000199, -0.31147, 0.950256, 0.4, -0.994802, -0.096825, -0.031528, 0.0, 0.0, 0.0, 0.0, 1.0]
            ]
        },
        {
            "name": "Arm_L",
            "time": [0.0, 0.2, 0.5167, 0.9, 0.9833, 1.2167, 1.6, 2.35, 2.9],
            "transform": [
                [-0.167239, -0.062629, 0.983925, 0.0, -0.897109, 0.423604, -0.12552, 0.39386, -0.408934, -0.90368, -0.127028, -0.0, 0.0, 0.0, 0.0, 1.0],
                [-0.187115, -0.043074, 0.981393, 0.0, -0.819072, 0.558379, -0.131659, 0.39386, -0.542318, -0.828467, -0.139762, -0.0, 0.0, 0.0, 0.0, 1.0],
                [-0.187365, -0.078747, 0.979129, -0.0, -0.893973, 0.426746, -0.136749, 0.39386, -0.407071, -0.900936, -0.150355, -0.0, 0.0, 0.0, 0.0, 1.0],
                [-0.17565, -0.129059, 0.975956, -0.0, -0.890665, 0.44314, -0.101699, 0.39386, -0.41936, -0.887113, -0.192786, -0.0, 0.0, 0.0, 0.0, 1.0],
                [-0.206691, 0.307167, 0.928939, -0.0, -0.739332, 0.572827, -0.353917, 0.39386, -0.640833, -0.759945, 0.1087, -0.0, 0.0, 0.0, 0.0, 1.0],
                [-0.185553, -0.172388, 0.967395, 0.0, -0.864291, 0.497032, -0.077207, 0.39386, -0.467516, -0.850436, -0.241219, -0.0, 0.0, 0.0, 0.0, 1.0],
                [-0.222344, -0.030685, 0.974485, 0.0, -0.886139, 0.423189, -0.188861, 0.39386, -0.406596, -0.905521, -0.121285, -0.0, 0.0, 0.0, 0.0, 1.0],
                [-0.224796, -0.058355, 0.972657, 0.0, -0.868664, 0.464247, -0.172909, 0.39386, -0.441463, -0.883781, -0.155052, -0.0, 0.0, 0.0, 0.0, 1.0],
                [-0.167239, -0.062629, 0.983925, 0.0, -0.897109, 0.423604, -0.12552, 0.39386, -0.408934, -0.90368, -0.127028, -0.0, 0.0, 0.0, 0.0, 1.0]
            ]
        },
        {
            "name": "Hand_L",
            "time": [0.0, 0.5167, 1.6, 2.35, 2.9],
            "transform": [
                [1.0, 0.0, 0.0, 0.0, -0.0, 0.999791, 0.020449, 0.3, -0.0, -0.020449, 0.999791, 0.0, 0.0, 0.0, 0.0, 1.0],
                [1.0, 0.0, 0.0, 0.0, -0.0, 0.993454, -0.114233, 0.3, -0.0, 0.114233, 0.993454, 0.0, 0.0, 0.0, 0.0, 1.0],
                [1.0, 0.0, 0.0, -0.0, -0.0, 0.987525, -0.157458, 0.3, -0.0, 0.157458, 0.987526, 0.0, 0.0, 0.0, 0.0, 1.0],
                [1.0, 0.0, 0.0, 0.0, -0.0, 0.985802, -0.167908, 0.3, 0.0, 0.167908, 0.985803, -0.0, 0.0, 0.0, 0.0, 1.0],
                [1.0, 0.0, 0.0, 0.0, -0.0, 0.999791, 0.020449, 0.3, -0.0, -0.020449, 0.999791, 0.0, 0.0, 0.0, 0.0, 1.0]
            ]
        },
        {
            "name": "Tool_L",
            "time": [0.0, 2.9],
            "transform": [
                [1.0, 0.0, 0.0, 0.0, 0.0, -0.999836, 0.018122, 0.272858, 0.0, -0.018122, -0.999248, -0.0, 0.0, 0.0, 0.0, 1.0],
                [1.0, 0.0, 0.0, 0.0, 0.0, -0.999836, 0.018122, 0.272858, 0.0, -0.018122, -0.999248, -0.0, 0.0, 0.0, 0.0, 1.0]
            ]
        },
        {
            "name": "Elbow_L",
            "time": [0.0, 0.5167, 1.6, 2.35, 2.9],
            "transform": [
                [-1.0, 0.0, -0.0, -0.0, 0.0, -0.0, -1.0, 0.316815, -0.0, -1.0, -0.0, -0.0, 0.0, 0.0, 0.0, 1.0],
                [-1.0, 0.0, -0.0, 0.0, 0.0, -0.0, -1.0, 0.32946, -0.0, -1.0, -0.0, 0.0, 0.0, 0.0, 0.0, 1.0],
                [-1.0, 0.0, -0.0, 0.0, 0.0, -0.0, -1.0, 0.333549, -0.0, -1.0, -0.0, -0.0, 0.0, 0.0, 0.0, 1.0],
                [-1.0, 0.0, -0.0, 0.0, 0.0, -0.0, -1.0, 0.334541, -0.0, -1.0, -0.0, -0.0, 0.0, 0.0, 0.0, 1.0],
                [-1.0, 0.0, -0.0, -0.0, 0.0, -0.0, -1.0, 0.316815, -0.0, -1.0, -0.0, -0.0, 0.0, 0.0, 0.0, 1.0]
            ]
        }
    ]
}