{
    "animation": [
        {
            "name": "Root",
            "time": [0.0, 1.55, 3.0],
            "transform": [
                [1.0, 0.0, 0.0, -5e-06, 0.0, 0.0, -1.0, 0.000946, 0.0, 1.0, 0.0, 0.731592, 0.0, 0.0, 0.0, 1.0],
                [1.0, 0.0, 0.0, -5e-06, 0.0, 0.0, -1.0, 0.000946, 0.0, 1.0, 0.0, 0.746811, 0.0, 0.0, 0.0, 1.0],
                [1.0, 0.0, 0.0, -5e-06, 0.0, 0.0, -1.0, 0.000946, 0.0, 1.0, 0.0, 0.731592, 0.0, 0.0, 0.0, 1.0]
            ]
        },
        {
            "name": "Thigh_R",
            "time": [0.0, 1.55, 3.0],
            "transform": [
                [0.895532, 0.188035, 0.403317, 0.124994, 0.128067, -0.976894, 0.17109, -0.002831, 0.42617, -0.101564, -0.898924, -1.2e-05, 0.0, 0.0, 0.0, 1.0],
                [0.895314, 0.145834, 0.420886, 0.124994, 0.125542, -0.989194, 0.075696, -0.002831, 0.427378, -0.014932, -0.90395, -1.2e-05, 0.0, 0.0, 0.0, 1.0],
                [0.895532, 0.188035, 0.403317, 0.124994, 0.128067, -0.976894, 0.17109, -0.002831, 0.42617, -0.101564, -0.898924, -1.2e-05, 0.0, 0.0, 0.0, 1.0]
            ]
        },
        {
            "name": "Leg_R",
            "time": [0.0, 1.55, 3.0],
            "transform": [
                [1.0, -0.0, 1e-06, 0.0, -0.0, 0.873668, 0.486524, 0.37472, -1e-06, -0.486524, 0.873667, 0.0, 0.0, 0.0, 0.0, 1.0],
                [1.0, -0.0, 1e-06, -0.0, -0.0, 0.952179, 0.305544, 0.37472, -1e-06, -0.305544, 0.952178, -0.0, 0.0, 0.0, 0.0, 1.0],
                [1.0, -0.0, 1e-06, 0.0, -0.0, 0.873668, 0.486524, 0.37472, -1e-06, -0.486524, 0.873667, 0.0, 0.0, 0.0, 0.0, 1.0]
            ]
        },
        {
            "name": "Knee_R",
            "time": [0.0, 1.55, 3.0],
            "transform": [
                [1.0, 0.0, -0.0, 0.0, -0.0, 1e-06, -1.0, 0.385253, -0.0, 1.0, 1e-06, -0.0, 0.0, 0.0, 0.0, 1.0],
                [1.0, -0.0, -0.0, 0.0, -0.0, 1e-06, -1.0, 0.375674, -0.0, 1.0, 1e-06, -0.0, 0.0, 0.0, 0.0, 1.0],
                [1.0, 0.0, -0.0, 0.0, -0.0, 1e-06, -1.0, 0.385253, -0.0, 1.0, 1e-06, -0.0, 0.0, 0.0, 0.0, 1.0]
            ]
        },
        {
            "name": "Thigh_L",
            "time": [0.0, 1.55, 3.0],
            "transform": [
                [0.997371, -0.044817, 0.056928, -0.125006, -0.063275, -0.921543, 0.383083, -0.002831, 0.035293, -0.385678, -0.921958, -1.2e-05, 0.0, 0.0, 0.0, 1.0],
                [0.997446, -0.049161, 0.051795, -0.125006, -0.061988, -0.956161, 0.286203, -0.002831, 0.035454, -0.288682, -0.956768, -1.2e-05, 0.0, 0.0, 0.0, 1.0],
                [0.997371, -0.044817, 0.056928, -0.125006, -0.063275, -0.921543, 0.383083, -0.002831, 0.035293, -0.385678, -0.921958, -1.2e-05, 0.0, 0.0, 0.0, 1.0]
            ]
        },
        {
            "name": "Leg_L",
            "time": [0.0, 1.55, 3.0],
            "transform": [
                [1.0, -0.0, 1e-06, 0.0, 0.0, 0.875743, 0.482779, 0.37472, -1e-06, -0.482779, 0.875742, -0.0, 0.0, 0.0, 0.0, 1.0],
                [1.0, -0.0, 1e-06, 0.0, 0.0, 0.95428, 0.298918, 0.37472, -1e-06, -0.298918, 0.954279, 0.0, 0.0, 0.0, 0.0, 1.0],
                [1.0, -0.0, 1e-06, 0.0, 0.0, 0.875743, 0.482779, 0.37472, -1e-06, -0.482779, 0.875742, -0.0, 0.0, 0.0, 0.0, 1.0]
            ]
        },
        {
            "name": "Knee_L",
            "time": [0.0, 1.55, 3.0],
            "transform": [
                [1.0, 0.0, -0.0, 0.0, -0.0, 1e-06, -1.0, 0.385684, -0.0, 1.0, 1e-06, -0.0, 0.0, 0.0, 0.0, 1.0],
                [1.0, 0.0, -0.0, 0.0, -0.0, 1e-06, -1.0, 0.376489, -0.0, 1.0, 1e-06, -0.0, 0.0, 0.0, 0.0, 1.0],
                [1.0, 0.0, -0.0, 0.0, -0.0, 1e-06, -1.0, 0.385684, -0.0, 1.0, 1e-06, -0.0, 0.0, 0.0, 0.0, 1.0]
            ]
        },
        {
            "name": "Torso",
            "time": [0.0, 1.1333, 3.0],
            "transform": [
                [1.0, 0.0, 0.0, 0.0, 0.0, 0.997564, 0.06976, 0.05, 0.0, -0.06976, 0.997564, 0.0, 0.0, 0.0, 0.0, 1.0],
                [1.0, 0.0, 0.0, 0.0, 0.0, 0.998013, 0.063009, 0.05, 0.0, -0.063009, 0.998013, 0.0, 0.0, 0.0, 0.0, 1.0],
                [1.0, 0.0, 0.0, 0.0, 0.0, 0.997564, 0.06976, 0.05, 0.0, -0.06976, 0.997564, 0.0, 0.0, 0.0, 0.0, 1.0]
            ]
        },
        {
            "name": "Chest",
            "time": [0.0, 1.3167, 3.0],
            "transform": [
                [1.0, 0.0, 0.0, 0.0, 0.0, 0.997795, -0.066365, 0.3, 0.0, 0.066365, 0.997796, -0.0, 0.0, 0.0, 0.0, 1.0],
                [1.0, 0.0, 0.0, 0.0, 0.0, 0.994189, -0.107648, 0.3, 0.0, 0.107648, 0.994189, -0.0, 0.0, 0.0, 0.0, 1.0],
                [1.0, 0.0, 0.0, 0.0, 0.0, 0.997795, -0.066365, 0.3, 0.0, 0.066365, 0.997796, -0.0, 0.0, 0.0, 0.0, 1.0]
            ]
        },
        {
            "name": "Head",
            "time": [0.0, 1.3167, 3.0],
            "transform": [
                [1.0, 0.0, 0.0, 0.0, 0.0, 1.0, 0.0, 0.4, 0.0, 0.0, 1.0, 0.0, 0.0, 0.0, 0.0, 1.0],
                [1.0, 0.0, 0.0, 0.0, 0.0, 0.998982, 0.045111, 0.4, 0.0, -0.045111, 0.998982, -0.0, 0.0, 0.0, 0.0, 1.0],
                [1.0, 0.0, 0.0, 0.0, 0.0, 1.0, 0.0, 0.4, 0.0, 0.0, 1.0, 0.0, 0.0, 0.0, 0.0, 1.0]
            ]
        },
        {
            "name": "Shoulder_R",
            "time": [0.0, 1.4667, 3.0],
            "transform": [
                [0.058646, 0.950536, 0.305026, 0.0, 2.7e-05, -0.305553, 0.952175, 0.4, 0.998279, -0.055833, -0.017945, 0.0, 0.0, 0.0, 0.0, 1.0],
                [0.000265, 0.952614, 0.304182, 0.0, 5e-05, -0.304182, 0.952614, 0.4, 1.0, -0.000237, -0.000128, 0.0, 0.0, 0.0, 0.0, 1.0],
                [0.058646, 0.950536, 0.305026, 0.0, 2.7e-05, -0.305553, 0.952175, 0.4, 0.998279, -0.055833, -0.017945, 0.0, 0.0, 0.0, 0.0, 1.0]
            ]
        },
        {
            "name": "Arm_R",
            "time": [0.0, 1.4667, 3.0],
            "transform": [
                [-0.004545, 0.185938, -0.982551, -0.0, 0.918916, 0.38833, 0.069237, 0.393861, 0.394428, -0.902567, -0.172627, -0.0, 0.0, 0.0, 0.0, 1.0],
                [-0.005558, 0.206196, -0.978495, 0.0, 0.924676, 0.373598, 0.073474, 0.39386, 0.380713, -0.904383, -0.192741, -0.0, 0.0, 0.0, 0.0, 1.0],
                [-0.004545, 0.185938, -0.982551, -0.0, 0.918916, 0.38833, 0.069237, 0.393861, 0.394428, -0.902567, -0.172627, -0.0, 0.0, 0.0, 0.0, 1.0]
            ]
        },
        {
            "name": "Hand_R",
            "time": [0.0, 1.4667, 3.0],
            "transform": [
                [1.0, 0.0, 0.0, -0.0, -0.0, 0.996815, -0.079745, 0.3, -0.0, 0.079745, 0.996815, -0.0, 0.0, 0.0, 0.0, 1.0],
                [1.0, 0.0, 0.0, -0.0, -0.0, 0.989288, -0.145978, 0.3, -0.0, 0.145978, 0.989288, -0.0, 0.0, 0.0, 0.0, 1.0],
                [1.0, 0.0, 0.0, -0.0, -0.0, 0.996815, -0.079745, 0.3, -0.0, 0.079745, 0.996815, -0.0, 0.0, 0.0, 0.0, 1.0]
            ]
        },
        {
            "name": "Tool_R",
            "time": [0.0, 3.0],
            "transform": [
                [1.0, 0.0, 0.0, -0.0, 0.0, -0.999836, 0.018122, 0.272858, 0.0, -0.018122, -0.999244, 0.0, 0.0, 0.0, 0.0, 1.0],
                [1.0, 0.0, 0.0, -0.0, 0.0, -0.999836, 0.018122, 0.272858, 0.0, -0.018122, -0.999244, 0.0, 0.0, 0.0, 0.0, 1.0]
            ]
        },
        {
            "name": "Elbow_R",
            "time": [0.0, 1.4667, 3.0],
            "transform": [
                [-1.0, 0.0, -0.0, 0.0, 0.0, -0.0, -1.0, 0.339138, -0.0, -1.0, 0.0, -0.0, 0.0, 0.0, 0.0, 1.0],
                [-1.0, 0.0, -0.0, 0.0, 0.0, -0.0, -1.0, 0.345386, -0.0, -1.0, 0.0, -0.0, 0.0, 0.0, 0.0, 1.0],
                [-1.0, 0.0, -0.0, 0.0, 0.0, -0.0, -1.0, 0.339138, -0.0, -1.0, 0.0, -0.0, 0.0, 0.0, 0.0, 1.0]
            ]
        },
        {
            "name": "Shoulder_L",
            "time": [0.0, 1.4667, 3.0],
            "transform": [
                [0.101829, -0.94531, -0.30987, 0.0, 0.000199, -0.31147, 0.950256, 0.4, -0.994802, -0.096825, -0.031528, 0.0, 0.0, 0.0, 0.0, 1.0],
                [0.055025, -0.949463, -0.309018, 0.0, 3.5e-05, -0.309485, 0.950904, 0.4, -0.998485, -0.052335, -0.016996, 0.0, 0.0, 0.0, 0.0, 1.0],
                [0.101829, -0.94531, -0.30987, 0.0, 0.000199, -0.31147, 0.950256, 0.4, -0.994802, -0.096825, -0.031528, 0.0, 0.0, 0.0, 0.0, 1.0]
            ]
        },
        {
            "name": "Arm_L",
            "time": [0.0, 1.4667, 3.0],
            "transform": [
                [-0.167239, -0.062629, 0.983925, 0.0, -0.897109, 0.423604, -0.12552, 0.39386, -0.408934, -0.90368, -0.127028, -0.0, 0.0, 0.0, 0.0, 1.0],
                [-0.168123, -0.092279, 0.981437, 0.0, -0.909455, 0.398615, -0.118313, 0.39386, -0.380298, -0.912464, -0.15094, 0.0, 0.0, 0.0, 0.0, 1.0],
                [-0.167239, -0.062629, 0.983925, 0.0, -0.897109, 0.423604, -0.12552, 0.39386, -0.408934, -0.90368, -0.127028, -0.0, 0.0, 0.0, 0.0, 1.0]
            ]
        },
        {
            "name": "Hand_L",
            "time": [0.0, 1.4667, 3.0],
            "transform": [
                [1.0, 0.0, 0.0, 0.0, -0.0, 0.999791, 0.020449, 0.3, -0.0, -0.020449, 0.999791, 0.0, 0.0, 0.0, 0.0, 1.0],
                [1.0, 0.0, 0.0, -0.0, -0.0, 0.999968, -0.007926, 0.3, -0.0, 0.007926, 0.999969, -0.0, 0.0, 0.0, 0.0, 1.0],
                [1.0, 0.0, 0.0, 0.0, -0.0, 0.999791, 0.020449, 0.3, -0.0, -0.020449, 0.999791, 0.0, 0.0, 0.0, 0.0, 1.0]
            ]
        },
        {
            "name": "Tool_L",
            "time": [0.0, 3.0],
            "transform": [
                [1.0, 0.0, 0.0, 0.0, 0.0, -0.999836, 0.018122, 0.272858, 0.0, -0.018122, -0.999248, -0.0, 0.0, 0.0, 0.0, 1.0],
                [1.0, 0.0, 0.0, 0.0, 0.0, -0.999836, 0.018122, 0.272858, 0.0, -0.018122, -0.999248, -0.0, 0.0, 0.0, 0.0, 1.0]
            ]
        },
        {
            "name": "Elbow_L",
            "time": [0.0, 1.4667, 3.0],
            "transform": [
                [-1.0, 0.0, -0.0, -0.0, 0.0, -0.0, -1.0, 0.316815, -0.0, -1.0, -0.0, -0.0, 0.0, 0.0, 0.0, 1.0],
                [-1.0, 0.0, -0.0, -0.0, 0.0, -0.0, -1.0, 0.319474, -0.0, -1.0, -0.0, -0.0, 0.0, 0.0, 0.0, 1.0],
                [-1.0, 0.0, -0.0, -0.0, 0.0, -0.0, -1.0, 0.316815, -0.0, -1.0, -0.0, -0.0, 0.0, 0.0, 0.0, 1.0]
            ]
        }
    ]
}