{
    "animation": [
        {
            "name": "Root",
            "time": [0.0, 1.3333],
            "transform": [
                [1.0, 0.0, 0.0, -5e-06, 0.0, 0.0, -1.0, 0.000946, 0.0, 1.0, 0.0, 0.763972, 0.0, 0.0, 0.0, 1.0],
                [1.0, 0.0, 0.0, -5e-06, 0.0, 0.0, -1.0, 0.000946, 0.0, 1.0, 0.0, 0.763972, 0.0, 0.0, 0.0, 1.0]
            ]
        },
        {
            "name": "Torso",
            "time": [0.0, 1.3333],
            "transform": [
                [1.0, 0.0, 0.0, 0.0, 0.0, 1.0, 0.0, 0.05, 0.0, 0.0, 1.0, 0.0, 0.0, 0.0, 0.0, 1.0],
                [1.0, 0.0, 0.0, 0.0, 0.0, 1.0, 0.0, 0.05, 0.0, 0.0, 1.0, 0.0, 0.0, 0.0, 0.0, 1.0]
            ]
        },
        {
            "name": "Chest",
            "time": [0.0, 1.3333],
            "transform": [
                [1.0, 0.0, 0.0, 0.0, 0.0, 1.0, 0.0, 0.3, 0.0, 0.0, 1.0, 0.0, 0.0, 0.0, 0.0, 1.0],
                [1.0, 0.0, 0.0, 0.0, 0.0, 1.0, 0.0, 0.3, 0.0, 0.0, 1.0, 0.0, 0.0, 0.0, 0.0, 1.0]
            ]
        },
        {
            "name": "Shoulder_R",
            "time": [0.0, 0.1167, 0.25, 0.4, 1.3333],
            "transform": [
                [0.0, 0.952114, 0.305743, 0.0, 0.0, -0.305743, 0.952114, 0.4, 1.0, 0.0, -0.0, 0.0, 0.0, 0.0, 0.0, 1.0],
                [0.0, 0.952114, 0.305743, 0.0, 0.0, -0.305743, 0.952114, 0.4, 1.0, 0.0, -0.0, 0.0, 0.0, 0.0, 0.0, 1.0],
                [0.546035, 0.776249, 0.315092, 0.0, -0.459737, -0.036775, 0.887293, 0.4, 0.700348, -0.629353, 0.33679, 0.0, 0.0, 0.0, 0.0, 1.0],
                [-0.143121, 0.941295, 0.305743, 0.0, -0.594639, -0.328732, 0.733716, 0.4, 0.791151, -0.076796, 0.60678, 0.0, 0.0, 0.0, 0.0, 1.0],
                [-0.143121, 0.941295, 0.305743, 0.0, -0.594639, -0.328732, 0.733716, 0.4, 0.791151, -0.076796, 0.60678, 0.0, 0.0, 0.0, 0.0, 1.0]
            ]
        },
        {
            "name": "Arm_R",
            "time": [0.0, 0.1167, 0.25, 0.4, 1.3333],
            "transform": [
                [-0.48457, -0.720622, -0.495879, -0.15861, 0.038397, 0.54881, -0.835065, 0.384971, 0.873909, -0.423687, -0.238267, 0.027682, 0.0, 0.0, 0.0, 1.0],
                [-0.098892, -0.988474, -0.114626, -0.348444, 0.523483, 0.046287, -0.850778, 0.393861, 0.846277, -0.14414, 0.512872, 0.0, 0.0, 0.0, 0.0, 1.0],
                [0.455599, -0.660684, -0.596595, -0.001812, -0.026733, 0.659735, -0.751023, 0.50918, 0.889783, 0.358114, 0.282913, -0.106245, 0.0, 0.0, 0.0, 1.0],
                [0.492494, -0.409374, -0.768025, -0.0, -0.04316, 0.869893, -0.491348, 0.39386, 0.869245, 0.275134, 0.410749, 0.0, 0.0, 0.0, 0.0, 1.0],
                [0.492494, -0.409374, -0.768025, -0.0, -0.04316, 0.869893, -0.491348, 0.39386, 0.869245, 0.275134, 0.410749, 0.0, 0.0, 0.0, 0.0, 1.0]
            ]
        },
        {
            "name": "Hand_R",
            "time": [0.0, 0.1667, 1.3333],
            "transform": [
                [1.0, -0.0, 0.0, 0.0, 0.0, 0.689237, -0.724536, 0.3, -0.0, 0.724536, 0.689237, 0.0, 0.0, 0.0, 0.0, 1.0],
                [1.0, 0.0, 0.0, 0.0, -0.0, 0.993938, 0.109947, 0.3, -0.0, -0.109947, 0.993937, 0.0, 0.0, 0.0, 0.0, 1.0],
                [1.0, 0.0, 0.0, -0.0, -0.0, 0.993937, 0.109947, 0.3, -0.0, -0.109947, 0.993937, 0.0, 0.0, 0.0, 0.0, 1.0]
            ]
        },
        {
            "name": "Tool_R",
            "time": [0.0, 1.3333],
            "transform": [
                [1.0, 0.0, 0.0, -0.0, 0.0, -0.999836, 0.018122, 0.272858, 0.0, -0.018122, -0.999244, -0.0, 0.0, 0.0, 0.0, 1.0],
                [1.0, 0.0, 0.0, 0.0, 0.0, -0.999836, 0.018122, 0.272858, 0.0, -0.018122, -0.999244, -0.0, 0.0, 0.0, 0.0, 1.0]
            ]
        },
        {
            "name": "Elbow_R",
            "time": [0.0, 1.3333],
            "transform": [
                [-1.0, 0.0, 0.0, 0.0, -0.0, -0.0, -1.0, 0.3, -0.0, -1.0, 0.0, 0.0, 0.0, 0.0, 0.0, 1.0],
                [-1.0, 0.0, 0.0, -0.0, 0.0, -0.0, -1.0, 0.3, -0.0, -1.0, 0.0, 0.0, 0.0, 0.0, 0.0, 1.0]
            ]
        },
        {
            "name": "Shoulder_L",
            "time": [0.0, 0.1167, 0.25, 0.4, 1.3333],
            "transform": [
                [-0.0, -0.952114, -0.305743, 0.0, 0.0, -0.305743, 0.952114, 0.4, -1.0, 0.0, 0.0, 0.0, 0.0, 0.0, 0.0, 1.0],
                [-0.0, -0.952114, -0.305743, 0.0, 0.0, -0.305743, 0.952114, 0.4, -1.0, 0.0, 0.0, 0.0, 0.0, 0.0, 0.0, 1.0],
                [0.546036, -0.776249, -0.315092, 0.0, 0.459737, -0.036775, 0.887294, 0.4, -0.700348, -0.629353, 0.336789, 0.0, 0.0, 0.0, 0.0, 1.0],
                [-0.169133, -0.936971, -0.305743, 0.0, 0.585308, -0.345073, 0.733716, 0.4, -0.792974, -0.054859, 0.60678, 0.0, 0.0, 0.0, 0.0, 1.0],
                [-0.169133, -0.936971, -0.305743, 0.0, 0.585308, -0.345073, 0.733716, 0.4, -0.792974, -0.054859, 0.60678, 0.0, 0.0, 0.0, 0.0, 1.0]
            ]
        },
        {
            "name": "Arm_L",
            "time": [0.0, 0.1167, 0.25, 0.4, 1.3333],
            "transform": [
                [-0.480562, 0.67469, 0.560226, 0.15861, -0.083965, 0.600493, -0.795209, 0.384971, -0.872932, -0.429187, -0.231924, 0.027682, 0.0, 0.0, 0.0, 1.0],
                [-0.101986, 0.988474, 0.111883, 0.348444, -0.500053, 0.046287, -0.864757, 0.39386, -0.859969, -0.14414, 0.489569, 0.0, 0.0, 0.0, 0.0, 1.0],
                [0.463162, 0.640332, 0.612744, 0.002932, 0.051769, 0.670645, -0.73997, 0.514244, -0.88476, 0.374447, 0.277468, -0.102181, 0.0, 0.0, 0.0, 1.0],
                [0.498638, 0.339069, 0.797742, 0.0, 0.069258, 0.901792, -0.426584, 0.39386, -0.864039, 0.267962, 0.426185, 0.0, 0.0, 0.0, 0.0, 1.0],
                [0.498638, 0.339069, 0.797742, 0.0, 0.069258, 0.901792, -0.426584, 0.39386, -0.864039, 0.267962, 0.426185, 0.0, 0.0, 0.0, 0.0, 1.0]
            ]
        },
        {
            "name": "Hand_L",
            "time": [0.0, 0.1667, 1.3333],
            "transform": [
                [1.0, -0.0, 0.0, 0.0, -0.0, 0.624477, -0.781043, 0.3, -0.0, 0.781043, 0.624477, 0.0, 0.0, 0.0, 0.0, 1.0],
                [1.0, 0.0, -0.0, 0.0, 0.0, 0.993938, 0.109947, 0.3, -0.0, -0.109947, 0.993938, -0.0, 0.0, 0.0, 0.0, 1.0],
                [1.0, 0.0, -0.0, 0.0, -0.0, 0.993938, 0.109947, 0.3, -0.0, -0.109947, 0.993938, 0.0, 0.0, 0.0, 0.0, 1.0]
            ]
        },
        {
            "name": "Tool_L",
            "time": [0.0, 1.3333],
            "transform": [
                [1.0, -0.0, 0.0, 0.0, 0.0, -0.999835, 0.018122, 0.272858, 0.0, -0.018122, -0.999247, -0.0, 0.0, 0.0, 0.0, 1.0],
                [1.0, 0.0, 0.0, -0.0, 0.0, -0.999836, 0.018122, 0.272858, 0.0, -0.018122, -0.999248, 0.0, 0.0, 0.0, 0.0, 1.0]
            ]
        },
        {
            "name": "Elbow_L",
            "time": [0.0, 1.3333],
            "transform": [
                [-1.0, 0.0, -0.0, 0.0, 0.0, 0.0, -1.0, 0.3, -0.0, -1.0, -0.0, 0.0, 0.0, 0.0, 0.0, 1.0],
                [-1.0, 0.0, -0.0, 0.0, 0.0, -0.0, -1.0, 0.3, -0.0, -1.0, -0.0, 0.0, 0.0, 0.0, 0.0, 1.0]
            ]
        }
    ]
}