{
    "animation": [
        {
            "name": "Root",
            "time": [0.0, 2.6667],
            "transform": [
                [0.854689, 0.0, -0.51914, -5e-06, -0.51914, 0.0, -0.854689, 0.000946, 0.0, 1.0, 0.0, 0.755725, 0.0, 0.0, 0.0, 1.0],
                [0.854689, 0.0, -0.51914, -5e-06, -0.51914, 0.0, -0.854689, 0.000946, 0.0, 1.0, 0.0, 0.755725, 0.0, 0.0, 0.0, 1.0]
            ]
        },
        {
            "name": "Torso",
            "time": [0.0, 2.6667],
            "transform": [
                [0.99978, -0.020971, -0.000197, -0.0, 0.020971, 0.999603, 0.018833, 0.05, -0.000198, -0.018833, 0.999823, 0.0, 0.0, 0.0, 0.0, 1.0],
                [0.99978, -0.020971, -0.000197, -0.0, 0.020971, 0.999603, 0.018833, 0.05, -0.000198, -0.018833, 0.999823, 0.0, 0.0, 0.0, 0.0, 1.0]
            ]
        },
        {
            "name": "Chest",
            "time": [0.0, 1.3333, 2.6667],
            "transform": [
                [0.999771, -0.021411, -0.000206, -0.0, 0.021411, 0.999586, 0.019225, 0.3, -0.000206, -0.019225, 0.999815, 0.0, 0.0, 0.0, 0.0, 1.0],
                [0.999996, 0.002829, -0.000646, -0.0, -0.002842, 0.999755, -0.021939, 0.3, 0.000584, 0.021941, 0.999759, 0.0, 0.0, 0.0, 0.0, 1.0],
                [0.999771, -0.021411, -0.000206, -0.0, 0.021411, 0.999586, 0.019225, 0.3, -0.000206, -0.019225, 0.999815, 0.0, 0.0, 0.0, 0.0, 1.0]
            ]
        },
        {
            "name": "Shoulder_R",
            "time": [0.0, 2.6667],
            "transform": [
                [0.313749, 0.906989, 0.280949, 0.0, -0.011387, -0.292274, 0.956267, 0.4, 0.949438, -0.303227, -0.081373, 0.0, 0.0, 0.0, 0.0, 1.0],
                [0.313749, 0.906989, 0.280949, 0.0, -0.011387, -0.292274, 0.956267, 0.4, 0.949438, -0.303227, -0.081373, 0.0, 0.0, 0.0, 0.0, 1.0]
            ]
        },
        {
            "name": "Arm_R",
            "time": [0.0, 2.6667],
            "transform": [
                [-0.543072, -0.693279, 0.473749, -0.117253, -0.434749, -0.250539, -0.864999, 0.272326, 0.718378, -0.675718, -0.165341, -0.038332, 0.0, 0.0, 0.0, 1.0],
                [-0.543072, -0.693279, 0.473749, -0.117253, -0.434749, -0.250539, -0.864999, 0.272326, 0.718378, -0.675718, -0.165341, -0.038332, 0.0, 0.0, 0.0, 1.0]
            ]
        },
        {
            "name": "Hand_R",
            "time": [0.0, 2.6667],
            "transform": [
                [1.0, -0.0, 0.0, -0.0, 0.0, 0.846838, -0.531851, 0.3, 0.0, 0.531851, 0.846838, 0.0, 0.0, 0.0, 0.0, 1.0],
                [1.0, -0.0, 0.0, -0.0, 0.0, 0.846838, -0.531851, 0.3, 0.0, 0.531851, 0.846838, 0.0, 0.0, 0.0, 0.0, 1.0]
            ]
        },
        {
            "name": "Tool_R",
            "time": [0.0, 2.6667],
            "transform": [
                [1.0, 0.0, 0.0, 0.0, -0.0, -0.999836, 0.018122, 0.272858, 0.0, -0.018122, -0.999244, -0.0, 0.0, 0.0, 0.0, 1.0],
                [1.0, 0.0, 0.0, 0.0, -0.0, -0.999836, 0.018122, 0.272858, 0.0, -0.018122, -0.999244, -0.0, 0.0, 0.0, 0.0, 1.0]
            ]
        },
        {
            "name": "Elbow_R",
            "time": [0.0, 2.6667],
            "transform": [
                [-1.0, 0.0, 0.0, -0.0, -0.0, -0.0, -1.0, 0.398921, -0.0, -1.0, 0.0, 0.0, 0.0, 0.0, 0.0, 1.0],
                [-1.0, 0.0, 0.0, -0.0, -0.0, -0.0, -1.0, 0.398921, -0.0, -1.0, 0.0, 0.0, 0.0, 0.0, 0.0, 1.0]
            ]
        },
        {
            "name": "Shoulder_L",
            "time": [0.0, 2.6667],
            "transform": [
                [-0.313749, -0.90099, -0.29963, 0.0, 0.011387, -0.319112, 0.947649, 0.4, -0.949438, 0.293912, 0.110381, 0.0, 0.0, 0.0, 0.0, 1.0],
                [-0.313749, -0.90099, -0.29963, 0.0, 0.011387, -0.319112, 0.947649, 0.4, -0.949438, 0.293912, 0.110381, 0.0, 0.0, 0.0, 0.0, 1.0]
            ]
        },
        {
            "name": "Arm_L",
            "time": [0.0, 1.3333, 2.6667],
            "transform": [
                [-0.449221, 0.644049, 0.619194, 0.128502, -0.459911, 0.427476, -0.778297, 0.532956, -0.765952, -0.634401, 0.104174, -0.022144, 0.0, 0.0, 0.0, 1.0],
                [-0.463183, 0.634082, 0.619194, 0.128502, -0.469139, 0.417327, -0.778297, 0.532956, -0.751911, -0.650982, 0.104174, -0.022144, 0.0, 0.0, 0.0, 1.0],
                [-0.449221, 0.644049, 0.619194, 0.128502, -0.459911, 0.427476, -0.778297, 0.532956, -0.765952, -0.634401, 0.104174, -0.022144, 0.0, 0.0, 0.0, 1.0]
            ]
        },
        {
            "name": "Hand_L",
            "time": [0.0, 2.6667],
            "transform": [
                [1.0, -0.0, 0.0, -0.0, 0.0, 0.522278, -0.852775, 0.3, 0.0, 0.852775, 0.522278, -0.0, 0.0, 0.0, 0.0, 1.0],
                [1.0, -0.0, 0.0, -0.0, 0.0, 0.522278, -0.852775, 0.3, 0.0, 0.852775, 0.522278, -0.0, 0.0, 0.0, 0.0, 1.0]
            ]
        },
        {
            "name": "Tool_L",
            "time": [0.0, 1.3333, 2.6667],
            "transform": [
                [-0.157968, -0.532116, 0.831804, 0.012156, 0.959734, 0.115423, 0.256101, 0.258731, -0.232137, 0.838274, 0.49217, 0.215434, 0.0, 0.0, 0.0, 1.0],
                [-0.157968, -0.532116, 0.831804, 0.012156, 0.959734, 0.115423, 0.256101, 0.258731, -0.232137, 0.838275, 0.49217, 0.215434, 0.0, 0.0, 0.0, 1.0],
                [-0.157968, -0.532116, 0.831804, 0.012156, 0.959734, 0.115423, 0.256101, 0.258731, -0.232137, 0.838274, 0.49217, 0.215434, 0.0, 0.0, 0.0, 1.0]
            ]
        },
        {
            "name": "Elbow_L",
            "time": [0.0, 2.6667],
            "transform": [
                [-1.0, 0.0, -0.0, -0.0, -0.0, -0.0, -1.0, 0.402134, -0.0, -1.0, -0.0, -0.0, 0.0, 0.0, 0.0, 1.0],
                [-1.0, 0.0, -0.0, -0.0, -0.0, -0.0, -1.0, 0.402134, -0.0, -1.0, -0.0, -0.0, 0.0, 0.0, 0.0, 1.0]
            ]
        }
    ],
    "visibilities": {
    	"leftArm": true,
    	"leftSleeve": true,
    	"rightArm": true,
    	"rightSleeve": true,
    	"others": false
    }
}