{
    "animation": [
        {
            "name": "Root",
            "time": [0.0, 0.3333, 0.7833, 1.0667, 1.55, 1.9667, 2.4667, 2.8333, 3.3667, 3.6833],
            "transform": [
                [1.0, 0.0, 0.0, -5e-06, 0.0, 0.0, -1.0, 0.000946, 0.0, 1.0, 0.0, 0.731592, 0.0, 0.0, 0.0, 1.0],
                [0.99864, 0.0, 0.052136, -5e-06, 0.052136, 0.0, -0.99864, 0.000946, 0.0, 1.0, 0.0, 0.731592, 0.0, 0.0, 0.0, 1.0],
                [0.99864, 0.0, 0.052136, -5e-06, 0.052136, 0.0, -0.99864, 0.000946, 0.0, 1.0, 0.0, 0.731592, 0.0, 0.0, 0.0, 1.0],
                [1.0, 0.0, 0.0, -5e-06, 0.0, 0.0, -1.0, 0.000946, 0.0, 1.0, 0.0, 0.748185, 0.0, 0.0, 0.0, 1.0],
                [1.0, 0.0, 0.0, -5e-06, 0.0, 0.0, -1.0, 0.000946, 0.0, 1.0, 0.0, 0.748185, 0.0, 0.0, 0.0, 1.0],
                [0.979801, 0.0, -0.199973, -5e-06, -0.199973, 0.0, -0.979801, 0.000946, 0.0, 1.0, 0.0, 0.738563, 0.0, 0.0, 0.0, 1.0],
                [0.979801, 0.0, -0.199973, -5e-06, -0.199973, 0.0, -0.979801, 0.000946, 0.0, 1.0, 0.0, 0.727172, 0.0, 0.0, 0.0, 1.0],
                [0.997925, 0.0, -0.064381, -5e-06, -0.064381, 0.0, -0.997925, 0.000946, 0.0, 1.0, 0.0, 0.751548, 0.0, 0.0, 0.0, 1.0],
                [0.997925, 0.0, -0.064381, -5e-06, -0.064381, 0.0, -0.997925, 0.000946, 0.0, 1.0, 0.0, 0.755683, 0.0, 0.0, 0.0, 1.0],
                [1.0, 0.0, 0.0, -5e-06, 0.0, 0.0, -1.0, 0.000946, 0.0, 1.0, 0.0, 0.731592, 0.0, 0.0, 0.0, 1.0]
            ]
        },
        {
            "name": "Thigh_R",
            "time": [0.0, 0.3333, 0.7833, 1.0667, 1.55, 1.9667, 2.4667, 2.8333, 3.3667, 3.6833],
            "transform": [
                [0.895532, 0.188035, 0.403317, 0.124994, 0.128067, -0.976894, 0.17109, -0.002831, 0.42617, -0.101564, -0.898924, -1.2e-05, 0.0, 0.0, 0.0, 1.0],
                [0.895502, 0.179594, 0.407212, 0.124994, 0.127368, -0.980111, 0.152169, -0.002831, 0.426442, -0.084401, -0.900569, -1.2e-05, 0.0, 0.0, 0.0, 1.0],
                [0.895502, 0.179594, 0.407212, 0.124994, 0.127368, -0.980111, 0.152169, -0.002831, 0.426442, -0.084401, -0.900569, -1.2e-05, 0.0, 0.0, 0.0, 1.0],
                [0.895306, 0.140585, 0.422686, 0.124994, 0.125317, -0.990057, 0.063856, -0.002831, 0.427461, -0.004201, -0.904024, -1.2e-05, 0.0, 0.0, 0.0, 1.0],
                [0.895306, 0.140585, 0.422686, 0.124994, 0.125317, -0.990057, 0.063856, -0.002831, 0.427461, -0.004201, -0.904024, -1.2e-05, 0.0, 0.0, 0.0, 1.0],
                [0.895091, 0.196804, 0.400099, 0.124994, 0.122624, -0.971368, 0.203478, -0.002831, 0.428689, -0.133069, -0.893599, -1.2e-05, 0.0, 0.0, 0.0, 1.0],
                [0.895216, 0.221291, 0.386805, 0.124994, 0.124534, -0.957637, 0.259648, -0.002831, 0.427877, -0.184269, -0.884854, -1.2e-05, 0.0, 0.0, 0.0, 1.0],
                [0.895247, 0.13728, 0.423894, 0.124994, 0.124601, -0.990529, 0.057638, -0.002831, 0.427793, 0.001217, -0.903876, -1.2e-05, 0.0, 0.0, 0.0, 1.0],
                [0.895183, 0.109986, 0.431915, 0.124994, 0.123936, -0.992279, -0.004185, -0.002831, 0.42812, 0.057276, -0.901905, -1.2e-05, 0.0, 0.0, 0.0, 1.0],
                [0.895532, 0.188035, 0.403317, 0.124994, 0.128067, -0.976894, 0.17109, -0.002831, 0.42617, -0.101564, -0.898924, -1.2e-05, 0.0, 0.0, 0.0, 1.0]
            ]
        },
        {
            "name": "Leg_R",
            "time": [0.0, 0.3333, 0.7833, 1.0667, 1.55, 1.9667, 2.4667, 2.8333, 3.3667, 3.6833],
            "transform": [
                [1.0, -0.0, 1e-06, 0.0, -0.0, 0.873668, 0.486524, 0.37472, -1e-06, -0.486524, 0.873667, 0.0, 0.0, 0.0, 0.0, 1.0],
                [1.0, -0.0, 1e-06, -0.0, -0.0, 0.878189, 0.478315, 0.37472, -1e-06, -0.478316, 0.878188, -0.0, 0.0, 0.0, 0.0, 1.0],
                [1.0, -0.0, 1e-06, -0.0, -0.0, 0.878189, 0.478315, 0.37472, -1e-06, -0.478316, 0.878188, -0.0, 0.0, 0.0, 0.0, 1.0],
                [1.0, -0.0, 1e-06, -0.0, -0.0, 0.959337, 0.282267, 0.37472, -1e-06, -0.282267, 0.959336, 0.0, 0.0, 0.0, 0.0, 1.0],
                [1.0, -0.0, 1e-06, -0.0, -0.0, 0.959337, 0.282267, 0.37472, -1e-06, -0.282267, 0.959336, 0.0, 0.0, 0.0, 0.0, 1.0],
                [1.0, -0.0, 1e-06, -0.0, -0.0, 0.896216, 0.443619, 0.37472, -1e-06, -0.44362, 0.896215, 0.0, 0.0, 0.0, 0.0, 1.0],
                [1.0, -0.0, 1e-06, -0.0, -0.0, 0.837981, 0.5457, 0.37472, -1e-06, -0.545701, 0.83798, 0.0, 0.0, 0.0, 0.0, 1.0],
                [1.0, -0.0, 1e-06, -0.0, -0.0, 0.97197, 0.235107, 0.37472, -1e-06, -0.235108, 0.971969, 0.0, 0.0, 0.0, 0.0, 1.0],
                [1.0, 0.0, 1e-06, 0.0, -0.0, 0.993739, 0.11173, 0.37472, -1e-06, -0.11173, 0.993738, 0.0, 0.0, 0.0, 0.0, 1.0],
                [1.0, -0.0, 1e-06, 0.0, -0.0, 0.873668, 0.486524, 0.37472, -1e-06, -0.486524, 0.873667, 0.0, 0.0, 0.0, 0.0, 1.0]
            ]
        },
        {
            "name": "Knee_R",
            "time": [0.0, 0.3333, 0.7833, 1.0667, 1.55, 1.9667, 2.4667, 2.8333, 3.3667, 3.6833],
            "transform": [
                [1.0, 0.0, -0.0, 0.0, -0.0, 1e-06, -1.0, 0.385253, -0.0, 1.0, 1e-06, -0.0, 0.0, 0.0, 0.0, 1.0],
                [1.0, 0.0, -0.0, -0.0, -0.0, 1e-06, -1.0, 0.384411, -0.0, 1.0, 1e-06, -0.0, 0.0, 0.0, 0.0, 1.0],
                [1.0, 0.0, -0.0, -0.0, -0.0, 1e-06, -1.0, 0.384411, -0.0, 1.0, 1e-06, -0.0, 0.0, 0.0, 0.0, 1.0],
                [1.0, 0.0, -0.0, 0.0, -0.0, 1e-06, -1.0, 0.375674, -0.0, 1.0, 1e-06, 0.0, 0.0, 0.0, 0.0, 1.0],
                [1.0, 0.0, -0.0, 0.0, -0.0, 1e-06, -1.0, 0.375674, -0.0, 1.0, 1e-06, 0.0, 0.0, 0.0, 0.0, 1.0],
                [1.0, 0.0, -0.0, 0.0, -0.0, 1e-06, -1.0, 0.3809, -0.0, 1.0, 1e-06, -0.0, 0.0, 0.0, 0.0, 1.0],
                [1.0, 0.0, -0.0, -0.0, -0.0, 1e-06, -1.0, 0.391459, -0.0, 1.0, 1e-06, 0.0, 0.0, 0.0, 0.0, 1.0],
                [1.0, 0.0, -0.0, 0.0, -0.0, 1e-06, -1.0, 0.375674, -0.0, 1.0, 1e-06, -0.0, 0.0, 0.0, 0.0, 1.0],
                [1.0, 0.0, -0.0, 0.0, -0.0, 1e-06, -1.0, 0.375674, -0.0, 1.0, 1e-06, 0.0, 0.0, 0.0, 0.0, 1.0],
                [1.0, 0.0, -0.0, 0.0, -0.0, 1e-06, -1.0, 0.385253, -0.0, 1.0, 1e-06, -0.0, 0.0, 0.0, 0.0, 1.0]
            ]
        },
        {
            "name": "Thigh_L",
            "time": [0.0, 0.3333, 0.7833, 1.0667, 1.55, 1.9667, 2.4667, 2.8333, 3.3667, 3.6833],
            "transform": [
                [0.997371, -0.044817, 0.056928, -0.125006, -0.063275, -0.921543, 0.383083, -0.002831, 0.035293, -0.385678, -0.921958, -1.2e-05, 0.0, 0.0, 0.0, 1.0],
                [0.997898, -0.038087, 0.05241, -0.125006, -0.055548, -0.919315, 0.389581, -0.002831, 0.033344, -0.391673, -0.9195, -1.2e-05, 0.0, 0.0, 0.0, 1.0],
                [0.997898, -0.038087, 0.05241, -0.125006, -0.055548, -0.919315, 0.389581, -0.002831, 0.033344, -0.391673, -0.9195, -1.2e-05, 0.0, 0.0, 0.0, 1.0],
                [0.997478, -0.049779, 0.050583, -0.125006, -0.061795, -0.959704, 0.27413, -0.002831, 0.034899, -0.276564, -0.960361, -1.2e-05, 0.0, 0.0, 0.0, 1.0],
                [0.997478, -0.049779, 0.050583, -0.125006, -0.061795, -0.959704, 0.27413, -0.002831, 0.034899, -0.276564, -0.960361, -1.2e-05, 0.0, 0.0, 0.0, 1.0],
                [0.99543, -0.067611, 0.067423, -0.125006, -0.085512, -0.945412, 0.314456, -0.002831, 0.042482, -0.318784, -0.946875, -1.2e-05, 0.0, 0.0, 0.0, 1.0],
                [0.995291, -0.064578, 0.072279, -0.125006, -0.086908, -0.924748, 0.370521, -0.002831, 0.042913, -0.375058, -0.926008, -1.2e-05, 0.0, 0.0, 0.0, 1.0],
                [0.996814, -0.05888, 0.0538, -0.125006, -0.069983, -0.96926, 0.235871, -0.002831, 0.038258, -0.238884, -0.970294, -1.2e-05, 0.0, 0.0, 0.0, 1.0],
                [0.996861, -0.061997, 0.04923, -0.125006, -0.069542, -0.982929, 0.170328, -0.002831, 0.037829, -0.173217, -0.984157, -1.2e-05, 0.0, 0.0, 0.0, 1.0],
                [0.997371, -0.044817, 0.056928, -0.125006, -0.063275, -0.921543, 0.383083, -0.002831, 0.035293, -0.385678, -0.921958, -1.2e-05, 0.0, 0.0, 0.0, 1.0]
            ]
        },
        {
            "name": "Leg_L",
            "time": [0.0, 0.3333, 0.7833, 1.0667, 1.55, 1.9667, 2.4667, 2.8333, 3.3667, 3.6833],
            "transform": [
                [1.0, -0.0, 1e-06, 0.0, 0.0, 0.875743, 0.482779, 0.37472, -1e-06, -0.482779, 0.875742, -0.0, 0.0, 0.0, 0.0, 1.0],
                [1.0, -0.0, 1e-06, 0.0, 0.0, 0.880765, 0.473555, 0.37472, -1e-06, -0.473555, 0.880764, 0.0, 0.0, 0.0, 0.0, 1.0],
                [1.0, -0.0, 1e-06, 0.0, 0.0, 0.880765, 0.473555, 0.37472, -1e-06, -0.473555, 0.880764, 0.0, 0.0, 0.0, 0.0, 1.0],
                [1.0, -0.0, 1e-06, -0.0, 0.0, 0.961433, 0.275041, 0.37472, -1e-06, -0.275042, 0.961432, 0.0, 0.0, 0.0, 0.0, 1.0],
                [1.0, -0.0, 1e-06, -0.0, 0.0, 0.961433, 0.275041, 0.37472, -1e-06, -0.275042, 0.961432, 0.0, 0.0, 0.0, 0.0, 1.0],
                [1.0, -0.0, 1e-06, 0.0, 0.0, 0.895945, 0.444166, 0.37472, -1e-06, -0.444166, 0.895944, -0.0, 0.0, 0.0, 0.0, 1.0],
                [1.0, -1e-06, 1e-06, 0.0, -0.0, 0.837736, 0.546076, 0.37472, -1e-06, -0.546076, 0.837736, -0.0, 0.0, 0.0, 0.0, 1.0],
                [1.0, -0.0, 1e-06, -0.0, 0.0, 0.973385, 0.229177, 0.37472, -1e-06, -0.229177, 0.973384, -0.0, 0.0, 0.0, 0.0, 1.0],
                [1.0, -0.0, 1e-06, 0.0, 0.0, 0.995159, 0.098284, 0.37472, -1e-06, -0.098285, 0.995158, 0.0, 0.0, 0.0, 0.0, 1.0],
                [1.0, -0.0, 1e-06, 0.0, 0.0, 0.875743, 0.482779, 0.37472, -1e-06, -0.482779, 0.875742, -0.0, 0.0, 0.0, 0.0, 1.0]
            ]
        },
        {
            "name": "Knee_L",
            "time": [0.0, 0.3333, 0.7833, 1.0667, 1.55, 1.9667, 2.4667, 2.8333, 3.3667, 3.6833],
            "transform": [
                [1.0, 0.0, -0.0, 0.0, -0.0, 1e-06, -1.0, 0.385684, -0.0, 1.0, 1e-06, -0.0, 0.0, 0.0, 0.0, 1.0],
                [1.0, 0.0, -0.0, 0.0, -0.0, 1e-06, -1.0, 0.384741, -0.0, 1.0, 1e-06, -0.0, 0.0, 0.0, 0.0, 1.0],
                [1.0, 0.0, -0.0, 0.0, -0.0, 1e-06, -1.0, 0.384741, -0.0, 1.0, 1e-06, -0.0, 0.0, 0.0, 0.0, 1.0],
                [1.0, 0.0, -0.0, 0.0, -0.0, 1e-06, -1.0, 0.376489, -0.0, 1.0, 1e-06, -0.0, 0.0, 0.0, 0.0, 1.0],
                [1.0, 0.0, -0.0, 0.0, -0.0, 1e-06, -1.0, 0.376489, -0.0, 1.0, 1e-06, -0.0, 0.0, 0.0, 0.0, 1.0],
                [1.0, 0.0, -0.0, 0.0, -0.0, 1e-06, -1.0, 0.38177, -0.0, 1.0, 1e-06, -0.0, 0.0, 0.0, 0.0, 1.0],
                [1.0, 0.0, -0.0, 0.0, -0.0, 1e-06, -1.0, 0.392315, -0.0, 1.0, 1e-06, -0.0, 0.0, 0.0, 0.0, 1.0],
                [1.0, 0.0, -0.0, 0.0, -0.0, 1e-06, -1.0, 0.376489, -0.0, 1.0, 1e-06, -0.0, 0.0, 0.0, 0.0, 1.0],
                [1.0, 0.0, -0.0, 0.0, -0.0, 1e-06, -1.0, 0.376489, -0.0, 1.0, 1e-06, -0.0, 0.0, 0.0, 0.0, 1.0],
                [1.0, 0.0, -0.0, 0.0, -0.0, 1e-06, -1.0, 0.385684, -0.0, 1.0, 1e-06, -0.0, 0.0, 0.0, 0.0, 1.0]
            ]
        },
        {
            "name": "Torso",
            "time": [0.0, 2.05, 2.4667, 3.6833],
            "transform": [
                [1.0, 0.0, 0.0, 0.0, 0.0, 0.997564, 0.06976, 0.05, 0.0, -0.06976, 0.997564, 0.0, 0.0, 0.0, 0.0, 1.0],
                [1.0, 0.0, 0.0, 0.0, 0.0, 1.0, 0.0, 0.05, 0.0, 0.0, 1.0, -0.0, 0.0, 0.0, 0.0, 1.0],
                [1.0, 0.0, 0.0, 0.0, 0.0, 1.0, 0.0, 0.05, 0.0, 0.0, 1.0, -0.0, 0.0, 0.0, 0.0, 1.0],
                [1.0, 0.0, 0.0, 0.0, 0.0, 0.997564, 0.06976, 0.05, 0.0, -0.06976, 0.997564, 0.0, 0.0, 0.0, 0.0, 1.0]
            ]
        },
        {
            "name": "Chest",
            "time": [0.0, 0.3333, 0.7833, 1.1667, 1.55, 2.05, 2.4667, 2.8333, 3.3667, 3.6833],
            "transform": [
                [1.0, 0.0, 0.0, 0.0, 0.0, 0.997795, -0.066365, 0.3, 0.0, 0.066365, 0.997796, -0.0, 0.0, 0.0, 0.0, 1.0],
                [0.983897, -0.000608, 0.178735, 0.0, 0.012469, 0.997792, -0.065242, 0.3, -0.178301, 0.06642, 0.981732, -0.0, 0.0, 0.0, 0.0, 1.0],
                [0.983897, -0.000608, 0.178735, -0.0, 0.012469, 0.997791, -0.065242, 0.3, -0.178301, 0.06642, 0.981732, 0.0, 0.0, 0.0, 0.0, 1.0],
                [0.983897, 0.006652, 0.178612, 0.0, 0.012469, 0.994318, -0.105713, 0.3, -0.178301, 0.106238, 0.978224, -0.0, 0.0, 0.0, 0.0, 1.0],
                [0.983897, 0.006652, 0.178612, 0.0, 0.012469, 0.994318, -0.105713, 0.3, -0.178301, 0.106238, 0.978224, 0.0, 0.0, 0.0, 0.0, 1.0],
                [0.992933, -0.004425, -0.118595, 0.0, 0.010729, 0.99856, 0.052568, 0.3, 0.118191, -0.053469, 0.99155, -0.0, 0.0, 0.0, 0.0, 1.0],
                [0.992933, -0.004425, -0.118595, 0.0, 0.010729, 0.99856, 0.052568, 0.3, 0.118191, -0.053469, 0.99155, -0.0, 0.0, 0.0, 0.0, 1.0],
                [0.992933, -0.010131, -0.118244, -0.0, 0.010729, 0.999933, 0.004421, 0.3, 0.118191, -0.005658, 0.992975, -0.0, 0.0, 0.0, 0.0, 1.0],
                [0.992939, -0.00954, -0.118244, 0.0, 0.009058, 0.999948, -0.004612, 0.3, 0.118282, 0.003508, 0.992974, -0.0, 0.0, 0.0, 0.0, 1.0],
                [1.0, 0.0, 0.0, 0.0, 0.0, 0.997795, -0.066365, 0.3, 0.0, 0.066365, 0.997796, -0.0, 0.0, 0.0, 0.0, 1.0]
            ]
        },
        {
            "name": "Head",
            "time": [0.0, 0.2333, 0.7833, 0.9333, 1.55, 1.8667, 2.5333, 2.7167, 3.3667, 3.6833],
            "transform": [
                [1.0, 0.0, 0.0, 0.0, 0.0, 1.0, 0.0, 0.4, 0.0, 0.0, 1.0, 0.0, 0.0, 0.0, 0.0, 1.0],
                [0.976548, -0.015893, 0.214714, 0.0, 0.000733, 0.997511, 0.070501, 0.4, -0.215301, -0.06869, 0.974129, -0.0, 0.0, 0.0, 0.0, 1.0],
                [0.976548, -0.015893, 0.214714, 0.0, 0.000733, 0.997511, 0.070501, 0.4, -0.215301, -0.06869, 0.974129, -0.0, 0.0, 0.0, 0.0, 1.0],
                [0.888693, 0.046674, 0.456121, -0.0, 0.080763, 0.963315, -0.25593, 0.4, -0.451334, 0.264281, 0.852322, -0.0, 0.0, 0.0, 0.0, 1.0],
                [0.888693, 0.046674, 0.456122, 0.0, 0.080763, 0.963315, -0.25593, 0.4, -0.451334, 0.264281, 0.852322, 0.0, 0.0, 0.0, 0.0, 1.0],
                [0.990799, 0.046979, -0.126927, -0.0, -0.007016, 0.954392, 0.298475, 0.4, 0.13516, -0.294838, 0.94594, 0.0, 0.0, 0.0, 0.0, 1.0],
                [0.990799, 0.046979, -0.126927, 0.0, -0.007016, 0.954392, 0.298475, 0.4, 0.13516, -0.294838, 0.94594, -0.0, 0.0, 0.0, 0.0, 1.0],
                [0.909618, 0.052869, -0.412069, 0.0, -0.037979, 0.998298, 0.044245, 0.4, 0.413707, -0.024596, 0.910078, 0.0, 0.0, 0.0, 0.0, 1.0],
                [0.909423, 0.055872, -0.412103, -0.0, -0.04743, 0.998403, 0.030695, 0.4, 0.41316, -0.008369, 0.91062, 0.0, 0.0, 0.0, 0.0, 1.0],
                [1.0, 0.0, 0.0, 0.0, 0.0, 1.0, 0.0, 0.4, 0.0, 0.0, 1.0, 0.0, 0.0, 0.0, 0.0, 1.0]
            ]
        },
        {
            "name": "Shoulder_R",
            "time": [0.0, 0.3333, 0.8333, 1.0667, 1.55, 1.9667, 2.4667, 2.8333, 3.3667, 3.6833],
            "transform": [
                [0.058646, 0.950536, 0.305026, 0.0, 2.7e-05, -0.305553, 0.952175, 0.4, 0.998279, -0.055833, -0.017945, 0.0, 0.0, 0.0, 0.0, 1.0],
                [-0.132255, 0.942883, 0.305743, 0.0, 0.04247, -0.302779, 0.952114, 0.4, 0.990305, 0.138907, -0.0, 0.0, 0.0, 0.0, 0.0, 1.0],
                [-0.132255, 0.942883, 0.305743, 0.0, 0.04247, -0.302779, 0.952114, 0.4, 0.990305, 0.138907, -0.0, 0.0, 0.0, 0.0, 0.0, 1.0],
                [-0.205915, 0.93135, 0.30031, -0.0, 0.042145, -0.298162, 0.953584, 0.4, 0.977662, 0.209014, 0.022144, 0.0, 0.0, 0.0, 0.0, 1.0],
                [-0.205915, 0.93135, 0.30031, 0.0, 0.042145, -0.298162, 0.953584, 0.4, 0.977662, 0.209014, 0.022144, 0.0, 0.0, 0.0, 0.0, 1.0],
                [0.175844, 0.789177, 0.588454, -0.0, -0.191041, -0.559047, 0.806827, 0.4, 0.965703, -0.254295, 0.05246, -0.0, 0.0, 0.0, 0.0, 1.0],
                [0.175844, 0.789177, 0.588454, 0.0, -0.191041, -0.559047, 0.806827, 0.4, 0.965703, -0.254295, 0.05246, 0.0, 0.0, 0.0, 0.0, 1.0],
                [0.447563, 0.8055, 0.388403, 0.0, -0.15022, -0.36044, 0.920607, 0.4, 0.881545, -0.470375, -0.040317, 0.0, 0.0, 0.0, 0.0, 1.0],
                [0.447563, 0.8055, 0.388404, -0.0, -0.15022, -0.36044, 0.920607, 0.4, 0.881545, -0.470375, -0.040317, 0.0, 0.0, 0.0, 0.0, 1.0],
                [0.058646, 0.950536, 0.305026, 0.0, 2.7e-05, -0.305553, 0.952175, 0.4, 0.998279, -0.055833, -0.017945, 0.0, 0.0, 0.0, 0.0, 1.0]
            ]
        },
        {
            "name": "Arm_R",
            "time": [0.0, 0.3333, 0.8333, 1.0667, 1.6333, 1.9, 2.5167, 2.7667, 3.3667, 3.6833],
            "transform": [
                [-0.004545, 0.185938, -0.982551, -0.0, 0.918916, 0.38833, 0.069237, 0.393861, 0.394428, -0.902567, -0.172627, -0.0, 0.0, 0.0, 0.0, 1.0],
                [-0.016692, 0.412782, -0.910677, 0.0, 0.925575, 0.350889, 0.142082, 0.393861, 0.378196, -0.840528, -0.387918, -0.0, 0.0, 0.0, 0.0, 1.0],
                [-0.016692, 0.457207, -0.889204, -0.0, 0.925575, 0.343452, 0.15922, 0.393861, 0.378196, -0.820367, -0.428912, -0.0, 0.0, 0.0, 0.0, 1.0],
                [-0.017046, 0.598471, -0.800963, 0.0, 0.918716, 0.325487, 0.223648, 0.39386, 0.39455, -0.732045, -0.555373, -0.0, 0.0, 0.0, 0.0, 1.0],
                [-0.017046, 0.598471, -0.800963, -0.0, 0.918716, 0.325487, 0.223648, 0.393861, 0.39455, -0.732045, -0.555373, -0.0, 0.0, 0.0, 0.0, 1.0],
                [-0.101226, -0.927313, -0.360338, -0.014044, 0.39704, 0.294449, -0.869287, 0.431358, 0.912202, -0.231063, 0.338374, 0.064636, 0.0, 0.0, 0.0, 1.0],
                [-0.101226, -0.927313, -0.360338, -0.014045, 0.39704, 0.294449, -0.869287, 0.431358, 0.912202, -0.231063, 0.338374, 0.064636, 0.0, 0.0, 0.0, 1.0],
                [-0.374233, -0.752578, -0.541826, -0.014045, -0.739806, 0.594587, -0.314886, 0.431358, 0.559139, 0.283006, -0.779277, 0.064636, 0.0, 0.0, 0.0, 1.0],
                [-0.374233, -0.752578, -0.541826, -0.014045, -0.739806, 0.594587, -0.314886, 0.431358, 0.559139, 0.283006, -0.779276, 0.064635, 0.0, 0.0, 0.0, 1.0],
                [-0.004545, 0.185938, -0.982551, -0.0, 0.918916, 0.38833, 0.069237, 0.393861, 0.394428, -0.902567, -0.172627, -0.0, 0.0, 0.0, 0.0, 1.0]
            ]
        },
        {
            "name": "Hand_R",
            "time": [0.0, 0.3333, 0.8333, 1.0667, 1.6333, 1.9, 2.5167, 2.7667, 3.3667, 3.6833],
            "transform": [
                [1.0, 0.0, 0.0, -0.0, -0.0, 0.996815, -0.079745, 0.3, -0.0, 0.079745, 0.996815, -0.0, 0.0, 0.0, 0.0, 1.0],
                [1.0, 0.0, 0.0, -0.0, -0.0, 0.964882, -0.262682, 0.3, -0.0, 0.262681, 0.964883, -0.0, 0.0, 0.0, 0.0, 1.0],
                [1.0, 0.0, 0.0, -0.0, -0.0, 0.95258, -0.304287, 0.3, -0.0, 0.304287, 0.952581, -0.0, 0.0, 0.0, 0.0, 1.0],
                [1.0, 0.0, 0.0, -0.0, -0.0, 0.78278, -0.622298, 0.3, -0.0, 0.622298, 0.78278, -0.0, 0.0, 0.0, 0.0, 1.0],
                [1.0, 0.0, 0.0, -0.0, -0.0, 0.78278, -0.622298, 0.3, -0.0, 0.622298, 0.782781, 0.0, 0.0, 0.0, 0.0, 1.0],
                [1.0, 0.0, 0.0, 0.0, -0.0, 0.964882, -0.262682, 0.3, -0.0, 0.262682, 0.964883, -0.0, 0.0, 0.0, 0.0, 1.0],
                [1.0, 0.0, 0.0, 0.0, -0.0, 0.964882, -0.262682, 0.3, -0.0, 0.262681, 0.964883, 0.0, 0.0, 0.0, 0.0, 1.0],
                [1.0, 0.0, 0.0, 0.0, -0.0, 0.421397, -0.906876, 0.3, -0.0, 0.906876, 0.421398, -0.0, 0.0, 0.0, 0.0, 1.0],
                [1.0, 0.0, -0.0, 0.0, -0.0, 0.421397, -0.906876, 0.3, -0.0, 0.906876, 0.421398, -0.0, 0.0, 0.0, 0.0, 1.0],
                [1.0, 0.0, 0.0, -0.0, -0.0, 0.996815, -0.079745, 0.3, -0.0, 0.079745, 0.996815, -0.0, 0.0, 0.0, 0.0, 1.0]
            ]
        },
        {
            "name": "Tool_R",
            "time": [0.0, 3.6833],
            "transform": [
                [1.0, 0.0, 0.0, -0.0, 0.0, -0.999836, 0.018122, 0.272858, 0.0, -0.018122, -0.999244, 0.0, 0.0, 0.0, 0.0, 1.0],
                [1.0, 0.0, 0.0, -0.0, 0.0, -0.999836, 0.018122, 0.272858, 0.0, -0.018122, -0.999244, 0.0, 0.0, 0.0, 0.0, 1.0]
            ]
        },
        {
            "name": "Elbow_R",
            "time": [0.0, 0.3333, 0.8333, 1.0667, 1.6333, 1.9, 2.5167, 2.7667, 3.3667, 3.6833],
            "transform": [
                [-1.0, 0.0, -0.0, -0.0, 0.0, -0.0, -1.0, 0.317805, -0.0, -1.0, 0.0, -0.0, 0.0, 0.0, 0.0, 1.0],
                [-1.0, 0.0, -0.0, -0.0, 0.0, 0.0, -1.0, 0.335233, -0.0, -1.0, 0.0, -0.0, 0.0, 0.0, 0.0, 1.0],
                [-1.0, 0.0, -0.0, -0.0, 0.0, -0.0, -1.0, 0.339298, -0.0, -1.0, 0.0, -0.0, 0.0, 0.0, 0.0, 1.0],
                [-1.0, 0.0, -0.0, -0.0, 0.0, 0.0, -1.0, 0.373267, -0.0, -1.0, 0.0, 0.0, 0.0, 0.0, 0.0, 1.0],
                [-1.0, 0.0, -0.0, 0.0, 0.0, 0.0, -1.0, 0.373267, -0.0, -1.0, 0.0, 0.0, 0.0, 0.0, 0.0, 1.0],
                [-1.0, 0.0, -0.0, 0.0, 0.0, 0.0, -1.0, 0.335233, -0.0, -1.0, 0.0, -0.0, 0.0, 0.0, 0.0, 1.0],
                [-1.0, 0.0, -0.0, 0.0, 0.0, -0.0, -1.0, 0.335233, -0.0, -1.0, 0.0, -0.0, 0.0, 0.0, 0.0, 1.0],
                [-1.0, 0.0, 0.0, 0.0, -0.0, -0.0, -1.0, 0.416762, -0.0, -1.0, 0.0, -0.0, 0.0, 0.0, 0.0, 1.0],
                [-1.0, 0.0, -0.0, -0.0, 0.0, -0.0, -1.0, 0.416762, -0.0, -1.0, 0.0, -0.0, 0.0, 0.0, 0.0, 1.0],
                [-1.0, 0.0, -0.0, -0.0, 0.0, -0.0, -1.0, 0.317805, -0.0, -1.0, 0.0, -0.0, 0.0, 0.0, 0.0, 1.0]
            ]
        },
        {
            "name": "Shoulder_L",
            "time": [0.0, 0.2333, 1.55, 1.9, 2.4667, 2.8333, 3.3667, 3.6833],
            "transform": [
                [0.101829, -0.94531, -0.30987, 0.0, 0.000199, -0.31147, 0.950256, 0.4, -0.994802, -0.096825, -0.031528, 0.0, 0.0, 0.0, 0.0, 1.0],
                [0.444224, -0.851693, -0.278, 0.0, -0.000137, -0.310362, 0.950618, 0.4, -0.895916, -0.422249, -0.137987, -0.0, 0.0, 0.0, 0.0, 1.0],
                [0.444224, -0.851693, -0.278, 0.0, -0.000137, -0.310362, 0.950618, 0.4, -0.895916, -0.422249, -0.137987, 0.0, 0.0, 0.0, 0.0, 1.0],
                [-0.0, -0.952114, -0.305743, 0.0, 0.0, -0.305743, 0.952114, 0.4, -1.0, 0.0, 0.0, 0.0, 0.0, 0.0, 0.0, 1.0],
                [-0.0, -0.952114, -0.305743, 0.0, 0.0, -0.305743, 0.952114, 0.4, -1.0, 0.0, 0.0, 0.0, 0.0, 0.0, 0.0, 1.0],
                [-0.039777, -0.951282, -0.305743, 0.0, -0.012773, -0.305476, 0.952114, 0.4, -0.999127, 0.041778, 0.0, 0.0, 0.0, 0.0, 0.0, 1.0],
                [-0.039777, -0.960041, -0.277018, -0.0, -0.012773, -0.276726, 0.960864, 0.4, -0.999127, 0.041759, -0.001255, 0.0, 0.0, 0.0, 0.0, 1.0],
                [0.101829, -0.94531, -0.30987, 0.0, 0.000199, -0.31147, 0.950256, 0.4, -0.994802, -0.096825, -0.031528, 0.0, 0.0, 0.0, 0.0, 1.0]
            ]
        },
        {
            "name": "Arm_L",
            "time": [0.0, 0.2333, 0.7833, 1.0167, 1.55, 1.9667, 2.4667, 2.8333, 3.3667, 3.6833],
            "transform": [
                [-0.167239, -0.062629, 0.983925, 0.0, -0.897109, 0.423604, -0.12552, 0.39386, -0.408934, -0.90368, -0.127028, -0.0, 0.0, 0.0, 0.0, 1.0],
                [0.150386, 0.942249, 0.29925, 0.0, -0.812152, 0.290345, -0.506072, 0.39386, -0.563731, -0.166931, 0.808913, -0.0, 0.0, 0.0, 0.0, 1.0],
                [0.150386, 0.942249, 0.29925, 0.0, -0.812152, 0.290345, -0.506072, 0.39386, -0.563731, -0.166931, 0.808913, -0.0, 0.0, 0.0, 0.0, 1.0],
                [0.773814, 0.583322, -0.246874, 0.006866, -0.47853, 0.283014, -0.831211, 0.368457, -0.414995, 0.761339, 0.498137, 0.086202, 0.0, 0.0, 0.0, 1.0],
                [0.773814, 0.583322, -0.246874, 0.006866, -0.47853, 0.283014, -0.831211, 0.368457, -0.414995, 0.761339, 0.498137, 0.086202, 0.0, 0.0, 0.0, 1.0],
                [0.000114, -0.111388, 0.993777, 0.0, -0.799448, 0.596986, 0.067005, 0.39386, -0.600735, -0.79448, -0.088981, -0.0, 0.0, 0.0, 0.0, 1.0],
                [0.000114, -0.111388, 0.993777, 0.0, -0.799448, 0.596987, 0.067005, 0.39386, -0.600735, -0.79448, -0.088981, -0.0, 0.0, 0.0, 0.0, 1.0],
                [0.000114, -0.541043, 0.840995, -0.0, -0.799448, 0.505166, 0.3251, 0.39386, -0.600735, -0.672369, -0.432478, -0.0, 0.0, 0.0, 0.0, 1.0],
                [0.013658, -0.54087, 0.840995, -0.0, -0.811843, 0.484995, 0.3251, 0.39386, -0.583715, -0.687196, -0.432478, -0.0, 0.0, 0.0, 0.0, 1.0],
                [-0.167239, -0.062629, 0.983925, 0.0, -0.897109, 0.423604, -0.12552, 0.39386, -0.408934, -0.90368, -0.127028, -0.0, 0.0, 0.0, 0.0, 1.0]
            ]
        },
        {
            "name": "Hand_L",
            "time": [0.0, 0.2333, 0.7833, 1.0167, 1.55, 1.9667, 2.4667, 2.8333, 3.3667, 3.6833],
            "transform": [
                [1.0, 0.0, 0.0, 0.0, -0.0, 0.999791, 0.020449, 0.3, -0.0, -0.020449, 0.999791, 0.0, 0.0, 0.0, 0.0, 1.0],
                [1.0, 0.0, 0.0, -0.0, -0.0, 0.646169, -0.763195, 0.3, -0.0, 0.763194, 0.646169, 0.0, 0.0, 0.0, 0.0, 1.0],
                [1.0, 0.0, -0.0, -0.0, -0.0, 0.646169, -0.763195, 0.3, -0.0, 0.763194, 0.646169, -0.0, 0.0, 0.0, 0.0, 1.0],
                [1.0, 0.0, -0.0, 0.0, 0.0, 0.789975, -0.613139, 0.3, -0.0, 0.613139, 0.789975, 0.0, 0.0, 0.0, 0.0, 1.0],
                [1.0, 0.0, 0.0, -0.0, -0.0, 0.789975, -0.613138, 0.3, 0.0, 0.613138, 0.789975, 0.0, 0.0, 0.0, 0.0, 1.0],
                [1.0, 0.0, 0.0, 0.0, -0.0, 0.535277, -0.844676, 0.3, -0.0, 0.844676, 0.535277, 0.0, 0.0, 0.0, 0.0, 1.0],
                [1.0, 0.0, 0.0, -0.0, -0.0, 0.535277, -0.844676, 0.3, 0.0, 0.844676, 0.535278, -0.0, 0.0, 0.0, 0.0, 1.0],
                [1.0, 0.0, -0.0, -0.0, -0.0, 0.395038, -0.918665, 0.3, -0.0, 0.918664, 0.395038, -0.0, 0.0, 0.0, 0.0, 1.0],
                [1.0, 0.0, 0.0, -0.0, -0.0, 0.395038, -0.918665, 0.3, -0.0, 0.918664, 0.395038, 0.0, 0.0, 0.0, 0.0, 1.0],
                [1.0, 0.0, 0.0, 0.0, -0.0, 0.999791, 0.020449, 0.3, -0.0, -0.020449, 0.999791, 0.0, 0.0, 0.0, 0.0, 1.0]
            ]
        },
        {
            "name": "Tool_L",
            "time": [0.0, 3.6833],
            "transform": [
                [1.0, 0.0, 0.0, 0.0, 0.0, -0.999836, 0.018122, 0.272858, 0.0, -0.018122, -0.999248, -0.0, 0.0, 0.0, 0.0, 1.0],
                [1.0, 0.0, 0.0, 0.0, 0.0, -0.999836, 0.018122, 0.272858, 0.0, -0.018122, -0.999248, -0.0, 0.0, 0.0, 0.0, 1.0]
            ]
        },
        {
            "name": "Elbow_L",
            "time": [0.0, 0.2333, 0.7833, 1.0167, 1.55, 1.9667, 2.4667, 2.8333, 3.3667, 3.6833],
            "transform": [
                [-1.0, 0.0, -0.0, -0.0, 0.0, -0.0, -1.0, 0.308408, -0.0, -1.0, -0.0, 0.0, 0.0, 0.0, 0.0, 1.0],
                [-1.0, 0.0, -0.0, -0.0, 0.0, -0.0, -1.0, 0.391688, -0.0, -1.0, -0.0, 0.0, 0.0, 0.0, 0.0, 1.0],
                [-1.0, 0.0, -0.0, 0.0, 0.0, -0.0, -1.0, 0.391688, -0.0, -1.0, -0.0, -0.0, 0.0, 0.0, 0.0, 1.0],
                [-1.0, 0.0, -0.0, -0.0, 0.0, 0.0, -1.0, 0.372176, -0.0, -1.0, -0.0, 0.0, 0.0, 0.0, 0.0, 1.0],
                [-1.0, 0.0, -0.0, -0.0, 0.0, 0.0, -1.0, 0.372176, -0.0, -1.0, -0.0, 0.0, 0.0, 0.0, 0.0, 1.0],
                [-1.0, 0.0, -0.0, 0.0, -0.0, -0.0, -1.0, 0.404593, -0.0, -1.0, -0.0, 0.0, 0.0, 0.0, 0.0, 1.0],
                [-1.0, 0.0, 0.0, 0.0, -0.0, -0.0, -1.0, 0.404593, -0.0, -1.0, -0.0, -0.0, 0.0, 0.0, 0.0, 1.0],
                [-1.0, 0.0, 0.0, -0.0, 0.0, -0.0, -1.0, 0.419468, -0.0, -1.0, 0.0, 0.0, 0.0, 0.0, 0.0, 1.0],
                [-1.0, 0.0, 0.0, -0.0, 0.0, -0.0, -1.0, 0.419467, -0.0, -1.0, 0.0, 0.0, 0.0, 0.0, 0.0, 1.0],
                [-1.0, 0.0, -0.0, -0.0, 0.0, -0.0, -1.0, 0.308408, -0.0, -1.0, -0.0, 0.0, 0.0, 0.0, 0.0, 1.0]
            ]
        }
    ]
}